10000
10000
10000
10000
00000
-----
1000000000
1000000000
1000000000
1000000000
0000000000
-----
11000
11000
11000
10000
00000
-----
1100000000
1100000000
1100000000
1000000000
0000000000
-----
11000
11000
11000
11100
00000
-----
1100000000
1100000000
1100000000
1110000000
0000000000
-----
11000
11000
11000
11100
11100
-----
0000000000
0000000000
0000000000
1000000000
1000000000
-----
10000
10000
10000
10000
10000
-----
0000000000
0000000000
0000000000
0000000000
0000000000
-----
00000
11000
00000
00000
00000
-----
0000000000
1100000000
0000000000
0000000000
0000000000
-----
00100
11100
00100
00100
00000
-----
0010000000
1110000000
0010000000
0010000000
0000000000
-----
00100
11100
00110
00100
00000
-----
0010000000
1110000000
0011000000
0010000000
0000000000
-----
00101
11101
00111
00101
00000
-----
0010100000
1110100000
0011100000
0010100000
0000000000
-----
00101
11101
00111
00101
00000
-----
0010110000
1110100000
0011100000
0010100000
0000000000
-----
00101
11101
00111
00101
11111
-----
0001000000
1100000000
0010000000
0000000000
1110000000
-----
00010
11010
00110
00010
11110
-----
0000000000
1100000000
0010000000
0000000000
1110000000
-----
