0 0
19 19 0 0 0 0 0 0 0 0 0 0 0 0 0 0 0 
1 0
18 18 0 0 0 0 0 0 0 0 0 0 0 0 0 0 0 
2 0
17 17 0 0 0 0 0 0 0 0 0 0 0 0 0 0 0 
3 0
16 16 0 0 0 0 0 0 0 0 0 0 0 0 0 0 0 
4 0
15 15 0 0 0 0 0 0 0 0 0 0 0 0 0 0 0 
5 0
14 14 39 39 39 39 39 0 0 0 0 0 0 0 0 0 0 
6 0
13 13 38 38 38 38 38 0 0 0 0 0 0 0 0 0 0 
7 0
12 12 37 37 37 37 37 0 0 0 0 0 0 0 0 0 0 
8 0
11 11 36 36 36 36 36 0 0 0 0 0 0 0 0 0 0 
9 0
10 10 35 35 35 35 35 0 0 0 0 0 0 0 0 0 0 
10 0
9 9 34 34 34 34 34 25 25 0 0 0 0 0 0 0 0 
11 0
8 8 33 33 33 33 33 24 24 0 0 0 0 0 0 0 0 
12 0
7 7 32 32 32 32 32 23 23 0 0 0 0 0 0 0 0 
13 0
6 6 31 31 31 31 31 22 22 0 0 0 0 0 0 0 0 
14 0
5 5 30 30 30 30 30 21 21 0 0 0 0 0 0 0 0 
15 0
4 4 29 29 29 29 29 20 20 36 36 0 0 0 0 0 0 
16 0
3 3 28 28 28 28 28 19 19 35 35 0 0 0 0 0 0 
17 0
2 2 27 27 27 27 27 18 18 34 34 0 0 0 0 0 0 
18 0
1 1 26 26 26 26 26 17 17 33 33 0 0 0 0 0 0 
19 0
0 0 25 25 25 25 25 16 16 32 32 0 0 0 0 0 0 
20 0
22 22 24 24 24 24 24 15 15 31 31 0 0 0 0 0 0 
21 0
21 21 23 23 23 23 23 14 14 30 30 0 0 0 0 0 0 
22 0
20 20 22 22 22 22 22 13 13 29 29 0 0 0 0 0 0 
23 0
19 19 21 21 21 21 21 12 12 28 28 0 0 0 0 0 0 
24 0
18 18 20 20 20 20 20 11 11 27 27 0 0 0 0 0 0 
25 0
17 17 19 19 19 19 19 10 10 26 26 42 42 0 0 0 0 
26 0
16 16 18 18 18 18 18 9 9 25 25 41 41 0 0 0 0 
27 0
15 15 17 17 17 17 17 8 8 24 24 40 40 0 0 0 0 
28 0
14 14 16 16 16 16 16 7 7 23 23 39 39 0 0 0 0 
29 0
13 13 15 15 15 15 15 6 6 22 22 38 38 0 0 0 0 
30 1
12 12 14 14 14 14 14 5 5 21 21 37 37 0 0 0 0 
31 1
11 11 13 13 13 13 13 4 4 20 20 36 36 0 0 0 0 
32 1
10 10 12 12 12 12 12 3 3 19 19 35 35 0 0 0 0 
33 1
9 9 11 11 11 11 11 2 2 18 18 34 34 0 0 0 0 
34 1
8 8 10 10 10 10 10 1 1 17 17 33 33 0 0 0 0 
35 2
7 7 9 9 9 9 9 0 0 16 16 32 32 0 0 0 0 
36 2
6 6 8 8 8 8 8 0 0 15 15 31 31 0 0 0 0 
37 2
5 5 7 7 7 7 7 0 0 14 14 30 30 0 0 0 0 
38 2
4 4 6 6 6 6 6 0 0 13 13 29 29 0 0 0 0 
39 2
3 3 5 5 5 5 5 0 0 12 12 28 28 0 0 0 0 
40 3
2 2 4 4 4 4 4 0 0 11 11 27 27 0 0 0 0 
41 3
1 1 3 3 3 3 3 0 0 10 10 26 26 0 0 0 0 
42 3
0 0 2 2 2 2 2 0 0 9 9 25 25 0 0 0 0 
43 3
0 0 1 1 1 1 1 0 0 8 8 24 24 0 0 0 0 
44 0
19 19 19 19 19 39 39 25 25 7 7 23 23 0 0 0 0 
45 0
18 18 18 18 18 38 38 24 24 6 6 22 22 36 36 0 0 
46 0
17 17 17 17 17 37 37 23 23 5 5 21 21 35 35 0 0 
47 0
16 16 16 16 16 36 36 22 22 4 4 20 20 34 34 0 0 
48 0
15 15 15 15 15 35 35 21 21 3 3 19 19 33 33 0 0 
49 0
14 14 14 14 14 34 34 20 20 2 2 18 18 32 32 0 0 
50 1
13 13 13 13 13 33 33 19 19 1 1 17 17 31 31 0 0 
51 0
12 12 12 12 12 32 32 18 18 22 22 16 16 30 30 0 0 
52 0
11 11 11 11 11 31 31 17 17 21 21 15 15 29 29 0 0 
53 0
10 10 10 10 10 30 30 16 16 20 20 14 14 28 28 0 0 
54 0
9 9 9 9 9 29 29 15 15 19 19 13 13 27 27 0 0 
55 1
8 8 8 8 8 28 28 14 14 18 18 12 12 26 26 0 0 
56 1
7 7 7 7 7 27 27 13 13 17 17 11 11 25 25 0 0 
57 1
6 6 6 6 6 26 26 12 12 16 16 10 10 24 24 0 0 
58 1
5 5 5 5 5 25 25 11 11 15 15 9 9 23 23 0 0 
59 1
4 4 4 4 4 24 24 10 10 14 14 8 8 22 22 0 0 
60 2
3 3 3 3 3 23 23 9 9 13 13 7 7 21 21 0 0 
61 2
2 2 2 2 2 22 22 8 8 12 12 6 6 20 20 0 0 
62 2
1 1 1 1 1 21 21 7 7 11 11 5 5 19 19 0 0 
63 1
42 42 42 42 42 20 20 6 6 10 10 4 4 18 18 0 0 
64 1
41 41 41 41 41 19 19 5 5 9 9 3 3 17 17 0 0 
65 2
40 40 40 40 40 18 18 4 4 8 8 2 2 16 16 0 0 
66 2
39 39 39 39 39 17 17 3 3 7 7 1 1 15 15 0 0 
67 1
38 38 38 38 38 16 16 2 2 6 6 19 19 14 14 0 0 
68 1
37 37 37 37 37 15 15 1 1 5 5 18 18 13 13 0 0 
69 0
36 36 36 36 36 14 14 39 39 4 4 17 17 12 12 0 0 
70 1
35 35 35 35 35 13 13 38 38 3 3 16 16 11 11 0 0 
71 1
34 34 34 34 34 12 12 37 37 2 2 15 15 10 10 0 0 
72 1
33 33 33 33 33 11 11 36 36 1 1 14 14 9 9 0 0 
73 0
32 32 32 32 32 10 10 35 35 25 25 13 13 8 8 0 0 
74 0
31 31 31 31 31 9 9 34 34 24 24 12 12 7 7 0 0 
75 1
30 30 30 30 30 8 8 33 33 23 23 11 11 6 6 0 0 
76 1
29 29 29 29 29 7 7 32 32 22 22 10 10 5 5 0 0 
77 1
28 28 28 28 28 6 6 31 31 21 21 9 9 4 4 0 0 
78 1
27 27 27 27 27 5 5 30 30 20 20 8 8 3 3 0 0 
79 1
26 26 26 26 26 4 4 29 29 19 19 7 7 2 2 0 0 
80 2
25 25 25 25 25 3 3 28 28 18 18 6 6 1 1 0 0 
81 1
24 24 24 24 24 2 2 27 27 17 17 5 5 36 36 0 0 
82 1
23 23 23 23 23 1 1 26 26 16 16 4 4 35 35 0 0 
83 1
22 22 22 22 22 0 0 25 25 15 15 3 3 34 34 0 0 
84 1
21 21 21 21 21 0 0 24 24 14 14 2 2 33 33 0 0 
85 2
20 20 20 20 20 0 0 23 23 13 13 1 1 32 32 0 0 
86 2
19 19 19 19 19 0 0 22 22 12 12 0 0 31 31 0 0 
87 2
18 18 18 18 18 0 0 21 21 11 11 0 0 30 30 0 0 
88 2
17 17 17 17 17 0 0 20 20 10 10 0 0 29 29 0 0 
89 2
16 16 16 16 16 0 0 19 19 9 9 0 0 28 28 0 0 
90 3
15 15 15 15 15 0 0 18 18 8 8 0 0 27 27 0 0 
91 3
14 14 14 14 14 0 0 17 17 7 7 0 0 26 26 0 0 
92 3
13 13 13 13 13 0 0 16 16 6 6 0 0 25 25 0 0 
93 3
12 12 12 12 12 0 0 15 15 5 5 0 0 24 24 0 0 
94 3
11 11 11 11 11 0 0 14 14 4 4 0 0 23 23 0 0 
95 4
10 10 10 10 10 0 0 13 13 3 3 0 0 22 22 0 0 
96 4
9 9 9 9 9 0 0 12 12 2 2 0 0 21 21 0 0 
97 4
8 8 8 8 8 0 0 11 11 1 1 0 0 20 20 0 0 
98 4
7 7 7 7 7 0 0 10 10 0 0 0 0 19 19 0 0 
99 4
6 6 6 6 6 0 0 9 9 0 0 0 0 18 18 0 0 
100 5
5 5 5 5 5 0 0 8 8 0 0 0 0 17 17 0 0 
101 5
4 4 4 4 4 0 0 7 7 0 0 0 0 16 16 0 0 
102 5
3 3 3 3 3 0 0 6 6 0 0 0 0 15 15 0 0 
103 5
2 2 2 2 2 0 0 5 5 0 0 0 0 14 14 0 0 
104 5
1 1 1 1 1 0 0 4 4 0 0 0 0 13 13 0 0 
105 2
22 22 22 22 22 42 42 3 3 19 19 39 39 12 12 0 0 
106 2
21 21 21 21 21 41 41 2 2 18 18 38 38 11 11 0 0 
107 2
20 20 20 20 20 40 40 1 1 17 17 37 37 10 10 0 0 
108 1
19 19 19 19 19 39 39 25 25 16 16 36 36 9 9 0 0 
109 1
18 18 18 18 18 38 38 24 24 15 15 35 35 8 8 0 0 
110 2
17 17 17 17 17 37 37 23 23 14 14 34 34 7 7 0 0 
111 2
16 16 16 16 16 36 36 22 22 13 13 33 33 6 6 0 0 
112 2
15 15 15 15 15 35 35 21 21 12 12 32 32 5 5 0 0 
113 2
14 14 14 14 14 34 34 20 20 11 11 31 31 4 4 0 0 
114 2
13 13 13 13 13 33 33 19 19 10 10 30 30 3 3 0 0 
115 3
12 12 12 12 12 32 32 18 18 9 9 29 29 2 2 0 0 
116 3
11 11 11 11 11 31 31 17 17 8 8 28 28 1 1 0 0 
117 3
10 10 10 10 10 30 30 16 16 7 7 27 27 0 0 0 0 
118 3
9 9 9 9 9 29 29 15 15 6 6 26 26 0 0 0 0 
119 3
8 8 8 8 8 28 28 14 14 5 5 25 25 0 0 0 0 
120 4
7 7 7 7 7 27 27 13 13 4 4 24 24 0 0 0 0 
121 4
6 6 6 6 6 26 26 12 12 3 3 23 23 0 0 0 0 
122 4
5 5 5 5 5 25 25 11 11 2 2 22 22 0 0 0 0 
123 4
4 4 4 4 4 24 24 10 10 1 1 21 21 0 0 0 0 
124 4
3 3 3 3 3 23 23 9 9 0 0 20 20 0 0 0 0 
125 5
2 2 2 2 2 22 22 8 8 0 0 19 19 0 0 0 0 
126 5
1 1 1 1 1 21 21 7 7 0 0 18 18 0 0 0 0 
127 2
36 36 36 36 36 20 20 6 6 22 22 17 17 42 42 0 0 
128 2
35 35 35 35 35 19 19 5 5 21 21 16 16 41 41 0 0 
129 2
34 34 34 34 34 18 18 4 4 20 20 15 15 40 40 0 0 
130 3
33 33 33 33 33 17 17 3 3 19 19 14 14 39 39 0 0 
131 3
32 32 32 32 32 16 16 2 2 18 18 13 13 38 38 0 0 
132 3
31 31 31 31 31 15 15 1 1 17 17 12 12 37 37 0 0 
133 2
30 30 30 30 30 14 14 19 19 16 16 11 11 36 36 0 0 
134 2
29 29 29 29 29 13 13 18 18 15 15 10 10 35 35 0 0 
135 3
28 28 28 28 28 12 12 17 17 14 14 9 9 34 34 0 0 
136 3
27 27 27 27 27 11 11 16 16 13 13 8 8 33 33 0 0 
137 3
26 26 26 26 26 10 10 15 15 12 12 7 7 32 32 0 0 
138 3
25 25 25 25 25 9 9 14 14 11 11 6 6 31 31 0 0 
139 3
24 24 24 24 24 8 8 13 13 10 10 5 5 30 30 0 0 
140 4
23 23 23 23 23 7 7 12 12 9 9 4 4 29 29 0 0 
141 4
22 22 22 22 22 6 6 11 11 8 8 3 3 28 28 0 0 
142 4
21 21 21 21 21 5 5 10 10 7 7 2 2 27 27 0 0 
143 4
20 20 20 20 20 4 4 9 9 6 6 1 1 26 26 0 0 
144 3
19 19 19 19 19 3 3 8 8 5 5 39 39 25 25 0 0 
145 4
18 18 18 18 18 2 2 7 7 4 4 38 38 24 24 0 0 
146 4
17 17 17 17 17 1 1 6 6 3 3 37 37 23 23 0 0 
147 4
16 16 16 16 16 0 0 5 5 2 2 36 36 22 22 0 0 
148 4
15 15 15 15 15 0 0 4 4 1 1 35 35 21 21 0 0 
149 4
14 14 14 14 14 0 0 3 3 0 0 34 34 20 20 0 0 
150 5
13 13 13 13 13 0 0 2 2 0 0 33 33 19 19 0 0 
151 5
12 12 12 12 12 0 0 1 1 0 0 32 32 18 18 0 0 
152 4
11 11 11 11 11 25 25 25 25 25 0 31 31 17 17 0 0 
153 4
10 10 10 10 10 24 24 24 24 24 0 30 30 16 16 0 0 
154 4
9 9 9 9 9 23 23 23 23 23 0 29 29 15 15 0 0 
155 5
8 8 8 8 8 22 22 22 22 22 0 28 28 14 14 0 0 
156 5
7 7 7 7 7 21 21 21 21 21 0 27 27 13 13 0 0 
157 5
6 6 6 6 6 20 20 20 20 20 0 26 26 12 12 0 0 
158 5
5 5 5 5 5 19 19 19 19 19 0 25 25 11 11 0 0 
159 5
4 4 4 4 4 18 18 18 18 18 0 24 24 10 10 0 0 
160 6
3 3 3 3 3 17 17 17 17 17 0 23 23 9 9 0 0 
161 6
2 2 2 2 2 16 16 16 16 16 0 22 22 8 8 0 0 
162 6
1 1 1 1 1 15 15 15 15 15 0 21 21 7 7 0 0 
163 4
36 36 22 22 0 14 14 14 14 14 0 20 20 6 6 0 0 
164 4
35 35 21 21 0 13 13 13 13 13 0 19 19 5 5 0 0 
165 5
34 34 20 20 0 12 12 12 12 12 0 18 18 4 4 0 0 
166 5
33 33 19 19 0 11 11 11 11 11 0 17 17 3 3 0 0 
167 5
32 32 18 18 0 10 10 10 10 10 0 16 16 2 2 0 0 
168 5
31 31 17 17 0 9 9 9 9 9 0 15 15 1 1 0 0 
169 4
30 30 16 16 0 8 8 8 8 8 0 14 14 42 42 0 0 
170 5
29 29 15 15 0 7 7 7 7 7 0 13 13 41 41 0 0 
171 5
28 28 14 14 0 6 6 6 6 6 0 12 12 40 40 0 0 
172 5
27 27 13 13 0 5 5 5 5 5 0 11 11 39 39 0 0 
173 5
26 26 12 12 0 4 4 4 4 4 0 10 10 38 38 0 0 
174 5
25 25 11 11 0 3 3 3 3 3 0 9 9 37 37 0 0 
175 6
24 24 10 10 0 2 2 2 2 2 0 8 8 36 36 0 0 
176 6
23 23 9 9 0 1 1 1 1 1 0 7 7 35 35 0 0 
177 4
22 22 8 8 19 19 39 39 39 39 39 6 6 34 34 0 0 
178 4
21 21 7 7 18 18 38 38 38 38 38 5 5 33 33 0 0 
179 4
20 20 6 6 17 17 37 37 37 37 37 4 4 32 32 0 0 
180 5
19 19 5 5 16 16 36 36 36 36 36 3 3 31 31 0 0 
181 5
18 18 4 4 15 15 35 35 35 35 35 2 2 30 30 0 0 
182 5
17 17 3 3 14 14 34 34 34 34 34 1 1 29 29 0 0 
183 4
16 16 2 2 13 13 33 33 33 33 33 25 25 28 28 0 0 
184 4
15 15 1 1 12 12 32 32 32 32 32 24 24 27 27 0 0 
185 4
14 14 36 36 11 11 31 31 31 31 31 23 23 26 26 0 0 
186 4
13 13 35 35 10 10 30 30 30 30 30 22 22 25 25 0 0 
187 4
12 12 34 34 9 9 29 29 29 29 29 21 21 24 24 0 0 
188 4
11 11 33 33 8 8 28 28 28 28 28 20 20 23 23 0 0 
189 4
10 10 32 32 7 7 27 27 27 27 27 19 19 22 22 0 0 
190 5
9 9 31 31 6 6 26 26 26 26 26 18 18 21 21 0 0 
191 5
8 8 30 30 5 5 25 25 25 25 25 17 17 20 20 0 0 
192 5
7 7 29 29 4 4 24 24 24 24 24 16 16 19 19 0 0 
193 5
6 6 28 28 3 3 23 23 23 23 23 15 15 18 18 0 0 
194 5
5 5 27 27 2 2 22 22 22 22 22 14 14 17 17 0 0 
195 6
4 4 26 26 1 1 21 21 21 21 21 13 13 16 16 0 0 
196 5
3 3 25 25 22 22 20 20 20 20 20 12 12 15 15 0 0 
197 5
2 2 24 24 21 21 19 19 19 19 19 11 11 14 14 0 0 
198 5
1 1 23 23 20 20 18 18 18 18 18 10 10 13 13 0 0 
199 4
42 42 22 22 19 19 17 17 17 17 17 9 9 12 12 0 0 
200 5
41 41 21 21 18 18 16 16 16 16 16 8 8 11 11 0 0 
201 5
40 40 20 20 17 17 15 15 15 15 15 7 7 10 10 0 0 
202 5
39 39 19 19 16 16 14 14 14 14 14 6 6 9 9 0 0 
203 5
38 38 18 18 15 15 13 13 13 13 13 5 5 8 8 0 0 
204 5
37 37 17 17 14 14 12 12 12 12 12 4 4 7 7 0 0 
205 6
36 36 16 16 13 13 11 11 11 11 11 3 3 6 6 0 0 
206 6
35 35 15 15 12 12 10 10 10 10 10 2 2 5 5 0 0 
207 6
34 34 14 14 11 11 9 9 9 9 9 1 1 4 4 0 0 
208 6
33 33 13 13 10 10 8 8 8 8 8 0 0 3 3 0 0 
209 6
32 32 12 12 9 9 7 7 7 7 7 0 0 2 2 0 0 
210 7
31 31 11 11 8 8 6 6 6 6 6 0 0 1 1 0 0 
211 6
30 30 10 10 7 7 5 5 5 5 5 19 19 19 19 19 0 
212 6
29 29 9 9 6 6 4 4 4 4 4 18 18 18 18 18 0 
213 6
28 28 8 8 5 5 3 3 3 3 3 17 17 17 17 17 0 
214 6
27 27 7 7 4 4 2 2 2 2 2 16 16 16 16 16 0 
215 7
26 26 6 6 3 3 1 1 1 1 1 15 15 15 15 15 0 
216 5
25 25 5 5 2 2 39 39 25 25 0 14 14 14 14 14 0 
217 5
24 24 4 4 1 1 38 38 24 24 0 13 13 13 13 13 0 
218 4
23 23 3 3 36 36 37 37 23 23 0 12 12 12 12 12 0 
219 4
22 22 2 2 35 35 36 36 22 22 0 11 11 11 11 11 0 
220 5
21 21 1 1 34 34 35 35 21 21 0 10 10 10 10 10 0 
221 4
20 20 22 22 33 33 34 34 20 20 0 9 9 9 9 9 0 
222 4
19 19 21 21 32 32 33 33 19 19 0 8 8 8 8 8 0 
223 4
18 18 20 20 31 31 32 32 18 18 0 7 7 7 7 7 0 
224 4
17 17 19 19 30 30 31 31 17 17 0 6 6 6 6 6 0 
225 5
16 16 18 18 29 29 30 30 16 16 0 5 5 5 5 5 0 
226 5
15 15 17 17 28 28 29 29 15 15 0 4 4 4 4 4 0 
227 5
14 14 16 16 27 27 28 28 14 14 0 3 3 3 3 3 0 
228 5
13 13 15 15 26 26 27 27 13 13 0 2 2 2 2 2 0 
229 5
12 12 14 14 25 25 26 26 12 12 0 1 1 1 1 1 0 
230 5
11 11 13 13 24 24 25 25 11 11 42 42 42 42 42 0 0 
231 5
10 10 12 12 23 23 24 24 10 10 41 41 41 41 41 0 0 
232 5
9 9 11 11 22 22 23 23 9 9 40 40 40 40 40 0 0 
233 5
8 8 10 10 21 21 22 22 8 8 39 39 39 39 39 0 0 
234 5
7 7 9 9 20 20 21 21 7 7 38 38 38 38 38 0 0 
235 6
6 6 8 8 19 19 20 20 6 6 37 37 37 37 37 0 0 
236 6
5 5 7 7 18 18 19 19 5 5 36 36 36 36 36 0 0 
237 6
4 4 6 6 17 17 18 18 4 4 35 35 35 35 35 0 0 
238 6
3 3 5 5 16 16 17 17 3 3 34 34 34 34 34 0 0 
239 6
2 2 4 4 15 15 16 16 2 2 33 33 33 33 33 0 0 
240 7
1 1 3 3 14 14 15 15 1 1 32 32 32 32 32 0 0 
241 5
19 19 2 2 13 13 14 14 39 39 31 31 31 31 31 0 0 
242 5
18 18 1 1 12 12 13 13 38 38 30 30 30 30 30 0 0 
243 4
17 17 25 25 11 11 12 12 37 37 29 29 29 29 29 0 0 
244 4
16 16 24 24 10 10 11 11 36 36 28 28 28 28 28 0 0 
245 5
15 15 23 23 9 9 10 10 35 35 27 27 27 27 27 0 0 
246 5
14 14 22 22 8 8 9 9 34 34 26 26 26 26 26 0 0 
247 5
13 13 21 21 7 7 8 8 33 33 25 25 25 25 25 0 0 
248 5
12 12 20 20 6 6 7 7 32 32 24 24 24 24 24 0 0 
249 5
11 11 19 19 5 5 6 6 31 31 23 23 23 23 23 0 0 
250 6
10 10 18 18 4 4 5 5 30 30 22 22 22 22 22 0 0 
251 6
9 9 17 17 3 3 4 4 29 29 21 21 21 21 21 0 0 
252 6
8 8 16 16 2 2 3 3 28 28 20 20 20 20 20 0 0 
253 6
7 7 15 15 1 1 2 2 27 27 19 19 19 19 19 0 0 
254 5
6 6 14 14 36 36 1 1 26 26 18 18 18 18 18 0 0 
255 6
5 5 13 13 35 35 0 0 25 25 17 17 17 17 17 0 0 
256 6
4 4 12 12 34 34 0 0 24 24 16 16 16 16 16 0 0 
257 6
3 3 11 11 33 33 0 0 23 23 15 15 15 15 15 0 0 
258 6
2 2 10 10 32 32 0 0 22 22 14 14 14 14 14 0 0 
259 6
1 1 9 9 31 31 0 0 21 21 13 13 13 13 13 0 0 
260 7
0 0 8 8 30 30 0 0 20 20 12 12 12 12 12 0 0 
261 7
0 0 7 7 29 29 0 0 19 19 11 11 11 11 11 0 0 
262 7
0 0 6 6 28 28 0 0 18 18 10 10 10 10 10 0 0 
263 7
0 0 5 5 27 27 0 0 17 17 9 9 9 9 9 0 0 
264 7
0 0 4 4 26 26 0 0 16 16 8 8 8 8 8 0 0 
265 8
0 0 3 3 25 25 0 0 15 15 7 7 7 7 7 0 0 
266 8
0 0 2 2 24 24 0 0 14 14 6 6 6 6 6 0 0 
267 8
0 0 1 1 23 23 0 0 13 13 5 5 5 5 5 0 0 
268 8
0 0 0 0 22 22 0 0 12 12 4 4 4 4 4 0 0 
269 8
0 0 0 0 21 21 0 0 11 11 3 3 3 3 3 0 0 
270 9
0 0 0 0 20 20 0 0 10 10 2 2 2 2 2 0 0 
271 9
0 0 0 0 19 19 0 0 9 9 1 1 1 1 1 0 0 
272 5
42 42 19 19 18 18 39 39 8 8 22 22 22 22 22 0 0 
273 5
41 41 18 18 17 17 38 38 7 7 21 21 21 21 21 0 0 
274 5
40 40 17 17 16 16 37 37 6 6 20 20 20 20 20 0 0 
275 6
39 39 16 16 15 15 36 36 5 5 19 19 19 19 19 0 0 
276 6
38 38 15 15 14 14 35 35 4 4 18 18 18 18 18 0 0 
277 6
37 37 14 14 13 13 34 34 3 3 17 17 17 17 17 0 0 
278 6
36 36 13 13 12 12 33 33 2 2 16 16 16 16 16 0 0 
279 6
35 35 12 12 11 11 32 32 1 1 15 15 15 15 15 0 0 
280 6
34 34 11 11 10 10 31 31 25 25 14 14 14 14 14 0 0 
281 6
33 33 10 10 9 9 30 30 24 24 13 13 13 13 13 0 0 
282 6
32 32 9 9 8 8 29 29 23 23 12 12 12 12 12 0 0 
283 6
31 31 8 8 7 7 28 28 22 22 11 11 11 11 11 0 0 
284 6
30 30 7 7 6 6 27 27 21 21 10 10 10 10 10 0 0 
285 7
29 29 6 6 5 5 26 26 20 20 9 9 9 9 9 0 0 
286 7
28 28 5 5 4 4 25 25 19 19 8 8 8 8 8 0 0 
287 7
27 27 4 4 3 3 24 24 18 18 7 7 7 7 7 0 0 
288 7
26 26 3 3 2 2 23 23 17 17 6 6 6 6 6 0 0 
289 7
25 25 2 2 1 1 22 22 16 16 5 5 5 5 5 0 0 
290 8
24 24 1 1 0 0 21 21 15 15 4 4 4 4 4 0 0 
291 8
23 23 0 0 0 0 20 20 14 14 3 3 3 3 3 0 0 
292 8
22 22 0 0 0 0 19 19 13 13 2 2 2 2 2 0 0 
293 8
21 21 0 0 0 0 18 18 12 12 1 1 1 1 1 0 0 
294 5
20 20 22 22 42 42 17 17 11 11 36 36 36 36 36 0 0 
295 6
19 19 21 21 41 41 16 16 10 10 35 35 35 35 35 0 0 
296 6
18 18 20 20 40 40 15 15 9 9 34 34 34 34 34 0 0 
297 6
17 17 19 19 39 39 14 14 8 8 33 33 33 33 33 0 0 
298 6
16 16 18 18 38 38 13 13 7 7 32 32 32 32 32 0 0 
299 6
15 15 17 17 37 37 12 12 6 6 31 31 31 31 31 0 0 
300 7
14 14 16 16 36 36 11 11 5 5 30 30 30 30 30 0 0 
301 7
13 13 15 15 35 35 10 10 4 4 29 29 29 29 29 0 0 
302 7
12 12 14 14 34 34 9 9 3 3 28 28 28 28 28 0 0 
303 7
11 11 13 13 33 33 8 8 2 2 27 27 27 27 27 0 0 
304 7
10 10 12 12 32 32 7 7 1 1 26 26 26 26 26 0 0 
305 7
9 9 11 11 31 31 6 6 19 19 25 25 25 25 25 0 0 
306 7
8 8 10 10 30 30 5 5 18 18 24 24 24 24 24 0 0 
307 7
7 7 9 9 29 29 4 4 17 17 23 23 23 23 23 0 0 
308 7
6 6 8 8 28 28 3 3 16 16 22 22 22 22 22 0 0 
309 7
5 5 7 7 27 27 2 2 15 15 21 21 21 21 21 0 0 
310 8
4 4 6 6 26 26 1 1 14 14 20 20 20 20 20 0 0 
311 7
3 3 5 5 25 25 39 39 13 13 19 19 19 19 19 0 0 
312 7
2 2 4 4 24 24 38 38 12 12 18 18 18 18 18 0 0 
313 7
1 1 3 3 23 23 37 37 11 11 17 17 17 17 17 0 0 
314 7
0 0 2 2 22 22 36 36 10 10 16 16 16 16 16 0 0 
315 8
0 0 1 1 21 21 35 35 9 9 15 15 15 15 15 0 0 
316 8
0 0 0 0 20 20 34 34 8 8 14 14 14 14 14 0 0 
317 8
0 0 0 0 19 19 33 33 7 7 13 13 13 13 13 0 0 
318 8
0 0 0 0 18 18 32 32 6 6 12 12 12 12 12 0 0 
319 8
0 0 0 0 17 17 31 31 5 5 11 11 11 11 11 0 0 
320 9
0 0 0 0 16 16 30 30 4 4 10 10 10 10 10 0 0 
321 9
0 0 0 0 15 15 29 29 3 3 9 9 9 9 9 0 0 
322 9
0 0 0 0 14 14 28 28 2 2 8 8 8 8 8 0 0 
323 9
0 0 0 0 13 13 27 27 1 1 7 7 7 7 7 0 0 
324 9
0 0 0 0 12 12 26 26 0 0 6 6 6 6 6 0 0 
325 10
0 0 0 0 11 11 25 25 0 0 5 5 5 5 5 0 0 
326 10
0 0 0 0 10 10 24 24 0 0 4 4 4 4 4 0 0 
327 10
0 0 0 0 9 9 23 23 0 0 3 3 3 3 3 0 0 
328 10
0 0 0 0 8 8 22 22 0 0 2 2 2 2 2 0 0 
329 10
0 0 0 0 7 7 21 21 0 0 1 1 1 1 1 0 0 
330 7
36 36 22 22 6 6 20 20 25 25 25 25 25 42 42 0 0 
331 7
35 35 21 21 5 5 19 19 24 24 24 24 24 41 41 0 0 
332 7
34 34 20 20 4 4 18 18 23 23 23 23 23 40 40 0 0 
333 7
33 33 19 19 3 3 17 17 22 22 22 22 22 39 39 0 0 
334 7
32 32 18 18 2 2 16 16 21 21 21 21 21 38 38 0 0 
335 8
31 31 17 17 1 1 15 15 20 20 20 20 20 37 37 0 0 
336 7
30 30 16 16 19 19 14 14 19 19 19 19 19 36 36 0 0 
337 7
29 29 15 15 18 18 13 13 18 18 18 18 18 35 35 0 0 
338 7
28 28 14 14 17 17 12 12 17 17 17 17 17 34 34 0 0 
339 7
27 27 13 13 16 16 11 11 16 16 16 16 16 33 33 0 0 
340 8
26 26 12 12 15 15 10 10 15 15 15 15 15 32 32 0 0 
341 8
25 25 11 11 14 14 9 9 14 14 14 14 14 31 31 0 0 
342 8
24 24 10 10 13 13 8 8 13 13 13 13 13 30 30 0 0 
343 8
23 23 9 9 12 12 7 7 12 12 12 12 12 29 29 0 0 
344 8
22 22 8 8 11 11 6 6 11 11 11 11 11 28 28 0 0 
345 9
21 21 7 7 10 10 5 5 10 10 10 10 10 27 27 0 0 
346 9
20 20 6 6 9 9 4 4 9 9 9 9 9 26 26 0 0 
347 9
19 19 5 5 8 8 3 3 8 8 8 8 8 25 25 0 0 
348 9
18 18 4 4 7 7 2 2 7 7 7 7 7 24 24 0 0 
349 9
17 17 3 3 6 6 1 1 6 6 6 6 6 23 23 0 0 
350 10
16 16 2 2 5 5 0 0 5 5 5 5 5 22 22 0 0 
351 10
15 15 1 1 4 4 0 0 4 4 4 4 4 21 21 0 0 
352 10
14 14 0 0 3 3 0 0 3 3 3 3 3 20 20 0 0 
353 10
13 13 0 0 2 2 0 0 2 2 2 2 2 19 19 0 0 
354 10
12 12 0 0 1 1 0 0 1 1 1 1 1 18 18 0 0 
355 7
11 11 39 39 39 39 39 25 25 36 36 22 22 17 17 0 0 
356 7
10 10 38 38 38 38 38 24 24 35 35 21 21 16 16 0 0 
357 7
9 9 37 37 37 37 37 23 23 34 34 20 20 15 15 0 0 
358 7
8 8 36 36 36 36 36 22 22 33 33 19 19 14 14 0 0 
359 7
7 7 35 35 35 35 35 21 21 32 32 18 18 13 13 0 0 
360 8
6 6 34 34 34 34 34 20 20 31 31 17 17 12 12 0 0 
361 8
5 5 33 33 33 33 33 19 19 30 30 16 16 11 11 0 0 
362 8
4 4 32 32 32 32 32 18 18 29 29 15 15 10 10 0 0 
363 8
3 3 31 31 31 31 31 17 17 28 28 14 14 9 9 0 0 
364 8
2 2 30 30 30 30 30 16 16 27 27 13 13 8 8 0 0 
365 9
1 1 29 29 29 29 29 15 15 26 26 12 12 7 7 0 0 
366 8
42 42 28 28 28 28 28 14 14 25 25 11 11 6 6 0 0 
367 8
41 41 27 27 27 27 27 13 13 24 24 10 10 5 5 0 0 
368 8
40 40 26 26 26 26 26 12 12 23 23 9 9 4 4 0 0 
369 8
39 39 25 25 25 25 25 11 11 22 22 8 8 3 3 0 0 
370 9
38 38 24 24 24 24 24 10 10 21 21 7 7 2 2 0 0 
371 9
37 37 23 23 23 23 23 9 9 20 20 6 6 1 1 0 0 
372 9
36 36 22 22 22 22 22 8 8 19 19 5 5 0 0 0 0 
373 9
35 35 21 21 21 21 21 7 7 18 18 4 4 0 0 0 0 
374 9
34 34 20 20 20 20 20 6 6 17 17 3 3 0 0 0 0 
375 10
33 33 19 19 19 19 19 5 5 16 16 2 2 0 0 0 0 
376 10
32 32 18 18 18 18 18 4 4 15 15 1 1 0 0 0 0 
377 9
31 31 17 17 17 17 17 3 3 14 14 19 19 19 19 19 0 
378 9
30 30 16 16 16 16 16 2 2 13 13 18 18 18 18 18 0 
379 9
29 29 15 15 15 15 15 1 1 12 12 17 17 17 17 17 0 
380 9
28 28 14 14 14 14 14 39 39 11 11 16 16 16 16 16 0 
381 9
27 27 13 13 13 13 13 38 38 10 10 15 15 15 15 15 0 
382 9
26 26 12 12 12 12 12 37 37 9 9 14 14 14 14 14 0 
383 9
25 25 11 11 11 11 11 36 36 8 8 13 13 13 13 13 0 
384 9
24 24 10 10 10 10 10 35 35 7 7 12 12 12 12 12 0 
385 10
23 23 9 9 9 9 9 34 34 6 6 11 11 11 11 11 0 
386 10
22 22 8 8 8 8 8 33 33 5 5 10 10 10 10 10 0 
387 10
21 21 7 7 7 7 7 32 32 4 4 9 9 9 9 9 0 
388 10
20 20 6 6 6 6 6 31 31 3 3 8 8 8 8 8 0 
389 10
19 19 5 5 5 5 5 30 30 2 2 7 7 7 7 7 0 
390 11
18 18 4 4 4 4 4 29 29 1 1 6 6 6 6 6 0 
391 10
17 17 3 3 3 3 3 28 28 25 25 5 5 5 5 5 0 
392 10
16 16 2 2 2 2 2 27 27 24 24 4 4 4 4 4 0 
393 10
15 15 1 1 1 1 1 26 26 23 23 3 3 3 3 3 0 
394 8
14 14 36 36 22 22 0 25 25 22 22 2 2 2 2 2 0 
395 9
13 13 35 35 21 21 0 24 24 21 21 1 1 1 1 1 0 
396 8
12 12 34 34 20 20 0 23 23 20 20 42 42 42 42 42 0 
397 8
11 11 33 33 19 19 0 22 22 19 19 41 41 41 41 41 0 
398 8
10 10 32 32 18 18 0 21 21 18 18 40 40 40 40 40 0 
399 8
9 9 31 31 17 17 0 20 20 17 17 39 39 39 39 39 0 
400 9
8 8 30 30 16 16 0 19 19 16 16 38 38 38 38 38 0 
401 9
7 7 29 29 15 15 0 18 18 15 15 37 37 37 37 37 0 
402 9
6 6 28 28 14 14 0 17 17 14 14 36 36 36 36 36 0 
403 9
5 5 27 27 13 13 0 16 16 13 13 35 35 35 35 35 0 
404 9
4 4 26 26 12 12 0 15 15 12 12 34 34 34 34 34 0 
405 10
3 3 25 25 11 11 0 14 14 11 11 33 33 33 33 33 0 
406 10
2 2 24 24 10 10 0 13 13 10 10 32 32 32 32 32 0 
407 10
1 1 23 23 9 9 0 12 12 9 9 31 31 31 31 31 0 
408 9
19 19 22 22 8 8 0 11 11 8 8 30 30 30 30 30 0 
409 9
18 18 21 21 7 7 0 10 10 7 7 29 29 29 29 29 0 
410 10
17 17 20 20 6 6 0 9 9 6 6 28 28 28 28 28 0 
411 10
16 16 19 19 5 5 0 8 8 5 5 27 27 27 27 27 0 
412 10
15 15 18 18 4 4 0 7 7 4 4 26 26 26 26 26 0 
413 10
14 14 17 17 3 3 0 6 6 3 3 25 25 25 25 25 0 
414 10
13 13 16 16 2 2 0 5 5 2 2 24 24 24 24 24 0 
415 11
12 12 15 15 1 1 0 4 4 1 1 23 23 23 23 23 0 
416 9
11 11 14 14 39 39 0 3 3 25 25 22 22 22 22 22 0 
417 9
10 10 13 13 38 38 0 2 2 24 24 21 21 21 21 21 0 
418 9
9 9 12 12 37 37 0 1 1 23 23 20 20 20 20 20 0 
419 8
8 8 11 11 36 36 36 36 0 22 22 19 19 19 19 19 0 
420 9
7 7 10 10 35 35 35 35 0 21 21 18 18 18 18 18 0 
421 9
6 6 9 9 34 34 34 34 0 20 20 17 17 17 17 17 0 
422 9
5 5 8 8 33 33 33 33 0 19 19 16 16 16 16 16 0 
423 9
4 4 7 7 32 32 32 32 0 18 18 15 15 15 15 15 0 
424 9
3 3 6 6 31 31 31 31 0 17 17 14 14 14 14 14 0 
425 10
2 2 5 5 30 30 30 30 0 16 16 13 13 13 13 13 0 
426 10
1 1 4 4 29 29 29 29 0 15 15 12 12 12 12 12 0 
427 10
0 0 3 3 28 28 28 28 0 14 14 11 11 11 11 11 0 
428 10
0 0 2 2 27 27 27 27 0 13 13 10 10 10 10 10 0 
429 10
0 0 1 1 26 26 26 26 0 12 12 9 9 9 9 9 0 
430 11
0 0 0 0 25 25 25 25 0 11 11 8 8 8 8 8 0 
431 11
0 0 0 0 24 24 24 24 0 10 10 7 7 7 7 7 0 
432 11
0 0 0 0 23 23 23 23 0 9 9 6 6 6 6 6 0 
433 11
0 0 0 0 22 22 22 22 0 8 8 5 5 5 5 5 0 
434 11
0 0 0 0 21 21 21 21 0 7 7 4 4 4 4 4 0 
435 12
0 0 0 0 20 20 20 20 0 6 6 3 3 3 3 3 0 
436 12
0 0 0 0 19 19 19 19 0 5 5 2 2 2 2 2 0 
437 12
0 0 0 0 18 18 18 18 0 4 4 1 1 1 1 1 0 
438 9
42 42 19 19 17 17 17 17 0 3 3 22 22 22 22 22 0 
439 9
41 41 18 18 16 16 16 16 0 2 2 21 21 21 21 21 0 
440 10
40 40 17 17 15 15 15 15 0 1 1 20 20 20 20 20 0 
441 9
39 39 16 16 14 14 14 14 39 39 0 19 19 19 19 19 0 
442 9
38 38 15 15 13 13 13 13 38 38 0 18 18 18 18 18 0 
443 9
37 37 14 14 12 12 12 12 37 37 0 17 17 17 17 17 0 
444 9
36 36 13 13 11 11 11 11 36 36 0 16 16 16 16 16 0 
445 10
35 35 12 12 10 10 10 10 35 35 0 15 15 15 15 15 0 
446 10
34 34 11 11 9 9 9 9 34 34 0 14 14 14 14 14 0 
447 10
33 33 10 10 8 8 8 8 33 33 0 13 13 13 13 13 0 
448 10
32 32 9 9 7 7 7 7 32 32 0 12 12 12 12 12 0 
449 10
31 31 8 8 6 6 6 6 31 31 0 11 11 11 11 11 0 
450 11
30 30 7 7 5 5 5 5 30 30 0 10 10 10 10 10 0 
451 11
29 29 6 6 4 4 4 4 29 29 0 9 9 9 9 9 0 
452 11
28 28 5 5 3 3 3 3 28 28 0 8 8 8 8 8 0 
453 11
27 27 4 4 2 2 2 2 27 27 0 7 7 7 7 7 0 
454 11
26 26 3 3 1 1 1 1 26 26 0 6 6 6 6 6 0 
455 11
25 25 2 2 25 25 0 0 25 25 0 5 5 5 5 5 0 
456 11
24 24 1 1 24 24 0 0 24 24 0 4 4 4 4 4 0 
457 11
23 23 0 0 23 23 0 0 23 23 0 3 3 3 3 3 0 
458 11
22 22 0 0 22 22 0 0 22 22 0 2 2 2 2 2 0 
459 11
21 21 0 0 21 21 0 0 21 21 0 1 1 1 1 1 0 
460 9
20 20 22 22 20 20 42 42 20 20 36 36 36 36 36 0 0 
461 9
19 19 21 21 19 19 41 41 19 19 35 35 35 35 35 0 0 
462 9
18 18 20 20 18 18 40 40 18 18 34 34 34 34 34 0 0 
463 9
17 17 19 19 17 17 39 39 17 17 33 33 33 33 33 0 0 
464 9
16 16 18 18 16 16 38 38 16 16 32 32 32 32 32 0 0 
465 10
15 15 17 17 15 15 37 37 15 15 31 31 31 31 31 0 0 
466 10
14 14 16 16 14 14 36 36 14 14 30 30 30 30 30 0 0 
467 10
13 13 15 15 13 13 35 35 13 13 29 29 29 29 29 0 0 
468 10
12 12 14 14 12 12 34 34 12 12 28 28 28 28 28 0 0 
469 10
11 11 13 13 11 11 33 33 11 11 27 27 27 27 27 0 0 
470 11
10 10 12 12 10 10 32 32 10 10 26 26 26 26 26 0 0 
471 11
9 9 11 11 9 9 31 31 9 9 25 25 25 25 25 0 0 
472 11
8 8 10 10 8 8 30 30 8 8 24 24 24 24 24 0 0 
473 11
7 7 9 9 7 7 29 29 7 7 23 23 23 23 23 0 0 
474 11
6 6 8 8 6 6 28 28 6 6 22 22 22 22 22 0 0 
475 12
5 5 7 7 5 5 27 27 5 5 21 21 21 21 21 0 0 
476 12
4 4 6 6 4 4 26 26 4 4 20 20 20 20 20 0 0 
477 12
3 3 5 5 3 3 25 25 3 3 19 19 19 19 19 0 0 
478 12
2 2 4 4 2 2 24 24 2 2 18 18 18 18 18 0 0 
479 12
1 1 3 3 1 1 23 23 1 1 17 17 17 17 17 0 0 
480 11
19 19 2 2 39 39 22 22 0 0 16 16 16 16 16 0 0 
481 11
18 18 1 1 38 38 21 21 0 0 15 15 15 15 15 0 0 
482 11
17 17 0 0 37 37 20 20 0 0 14 14 14 14 14 0 0 
483 11
16 16 0 0 36 36 19 19 0 0 13 13 13 13 13 0 0 
484 11
15 15 0 0 35 35 18 18 0 0 12 12 12 12 12 0 0 
485 12
14 14 0 0 34 34 17 17 0 0 11 11 11 11 11 0 0 
486 12
13 13 0 0 33 33 16 16 0 0 10 10 10 10 10 0 0 
487 12
12 12 0 0 32 32 15 15 0 0 9 9 9 9 9 0 0 
488 12
11 11 0 0 31 31 14 14 0 0 8 8 8 8 8 0 0 
489 12
10 10 0 0 30 30 13 13 0 0 7 7 7 7 7 0 0 
490 13
9 9 0 0 29 29 12 12 0 0 6 6 6 6 6 0 0 
491 13
8 8 0 0 28 28 11 11 0 0 5 5 5 5 5 0 0 
492 13
7 7 0 0 27 27 10 10 0 0 4 4 4 4 4 0 0 
493 13
6 6 0 0 26 26 9 9 0 0 3 3 3 3 3 0 0 
494 13
5 5 0 0 25 25 8 8 0 0 2 2 2 2 2 0 0 
495 14
4 4 0 0 24 24 7 7 0 0 1 1 1 1 1 0 0 
496 11
3 3 36 36 23 23 6 6 25 25 25 25 25 22 22 0 0 
497 11
2 2 35 35 22 22 5 5 24 24 24 24 24 21 21 0 0 
498 11
1 1 34 34 21 21 4 4 23 23 23 23 23 20 20 0 0 
499 10
42 42 33 33 20 20 3 3 22 22 22 22 22 19 19 0 0 
500 10
41 41 32 32 19 19 2 2 21 21 21 21 21 18 18 0 0 
501 10
40 40 31 31 18 18 1 1 20 20 20 20 20 17 17 0 0 
502 9
39 39 30 30 17 17 19 19 19 19 19 19 19 16 16 0 0 
503 9
38 38 29 29 16 16 18 18 18 18 18 18 18 15 15 0 0 
504 9
37 37 28 28 15 15 17 17 17 17 17 17 17 14 14 0 0 
505 9
36 36 27 27 14 14 16 16 16 16 16 16 16 13 13 0 0 
506 9
35 35 26 26 13 13 15 15 15 15 15 15 15 12 12 0 0 
507 9
34 34 25 25 12 12 14 14 14 14 14 14 14 11 11 0 0 
508 9
33 33 24 24 11 11 13 13 13 13 13 13 13 10 10 0 0 
509 9
32 32 23 23 10 10 12 12 12 12 12 12 12 9 9 0 0 
510 9
31 31 22 22 9 9 11 11 11 11 11 11 11 8 8 0 0 
511 9
30 30 21 21 8 8 10 10 10 10 10 10 10 7 7 0 0 
512 9
29 29 20 20 7 7 9 9 9 9 9 9 9 6 6 0 0 
513 9
28 28 19 19 6 6 8 8 8 8 8 8 8 5 5 0 0 
514 9
27 27 18 18 5 5 7 7 7 7 7 7 7 4 4 0 0 
515 9
26 26 17 17 4 4 6 6 6 6 6 6 6 3 3 0 0 
516 9
25 25 16 16 3 3 5 5 5 5 5 5 5 2 2 0 0 
517 9
24 24 15 15 2 2 4 4 4 4 4 4 4 1 1 0 0 
518 9
23 23 14 14 1 1 3 3 3 3 3 3 3 0 0 0 0 
519 9
22 22 13 13 0 0 2 2 2 2 2 2 2 0 0 0 0 
520 9
21 21 12 12 0 0 1 1 1 1 1 1 1 0 0 0 0 
521 5
20 20 11 11 39 39 39 39 39 25 25 36 36 22 22 0 0 
522 5
19 19 10 10 38 38 38 38 38 24 24 35 35 21 21 0 0 
523 5
18 18 9 9 37 37 37 37 37 23 23 34 34 20 20 0 0 
524 5
17 17 8 8 36 36 36 36 36 22 22 33 33 19 19 0 0 
525 5
16 16 7 7 35 35 35 35 35 21 21 32 32 18 18 0 0 
526 5
15 15 6 6 34 34 34 34 34 20 20 31 31 17 17 0 0 
527 5
14 14 5 5 33 33 33 33 33 19 19 30 30 16 16 0 0 
528 5
13 13 4 4 32 32 32 32 32 18 18 29 29 15 15 0 0 
529 5
12 12 3 3 31 31 31 31 31 17 17 28 28 14 14 0 0 
530 5
11 11 2 2 30 30 30 30 30 16 16 27 27 13 13 0 0 
531 5
10 10 1 1 29 29 29 29 29 15 15 26 26 12 12 0 0 
532 4
9 9 42 42 28 28 28 28 28 14 14 25 25 11 11 0 0 
533 4
8 8 41 41 27 27 27 27 27 13 13 24 24 10 10 0 0 
534 4
7 7 40 40 26 26 26 26 26 12 12 23 23 9 9 0 0 
535 4
6 6 39 39 25 25 25 25 25 11 11 22 22 8 8 0 0 
536 4
5 5 38 38 24 24 24 24 24 10 10 21 21 7 7 0 0 
537 4
4 4 37 37 23 23 23 23 23 9 9 20 20 6 6 0 0 
538 4
3 3 36 36 22 22 22 22 22 8 8 19 19 5 5 0 0 
539 4
2 2 35 35 21 21 21 21 21 7 7 18 18 4 4 0 0 
540 4
1 1 34 34 20 20 20 20 20 6 6 17 17 3 3 0 0 
541 4
0 0 33 33 19 19 19 19 19 5 5 16 16 2 2 0 0 
542 4
0 0 32 32 18 18 18 18 18 4 4 15 15 1 1 0 0 
543 4
0 0 31 31 17 17 17 17 17 3 3 14 14 0 0 0 0 
544 4
0 0 30 30 16 16 16 16 16 2 2 13 13 0 0 0 0 
545 4
0 0 29 29 15 15 15 15 15 1 1 12 12 0 0 0 0 
546 4
0 0 28 28 14 14 14 14 14 0 0 11 11 0 0 0 0 
547 4
0 0 27 27 13 13 13 13 13 0 0 10 10 0 0 0 0 
548 4
0 0 26 26 12 12 12 12 12 0 0 9 9 0 0 0 0 
549 4
0 0 25 25 11 11 11 11 11 0 0 8 8 0 0 0 0 
550 4
0 0 24 24 10 10 10 10 10 0 0 7 7 0 0 0 0 
551 4
0 0 23 23 9 9 9 9 9 0 0 6 6 0 0 0 0 
552 4
0 0 22 22 8 8 8 8 8 0 0 5 5 0 0 0 0 
553 4
0 0 21 21 7 7 7 7 7 0 0 4 4 0 0 0 0 
554 4
0 0 20 20 6 6 6 6 6 0 0 3 3 0 0 0 0 
555 4
0 0 19 19 5 5 5 5 5 0 0 2 2 0 0 0 0 
556 4
0 0 18 18 4 4 4 4 4 0 0 1 1 0 0 0 0 
557 1
39 39 17 17 3 3 3 3 3 19 19 19 19 19 25 25 0 
558 1
38 38 16 16 2 2 2 2 2 18 18 18 18 18 24 24 0 
559 1
37 37 15 15 1 1 1 1 1 17 17 17 17 17 23 23 0 
560 0
36 36 14 14 36 36 0 0 0 16 16 16 16 16 22 22 0 
0
0
0
0
0
0
14
9
4
0
1
8
7
4
3
6
25
20
15
10
8
22
17
12
13
19
22
28
23
24
27
22
23
20
26
24
31
31
26
23
21
25
31
26
23
29
42
37
32
27
30
39
34
29
35
36
50
45
40
35
36
50
45
40
35
41
47
45
51
49
44
41
48
51
46
44
58
53
48
46
55
55
50
45
60
55
66
61
56
54
52
66
61
56
51
57
77
72
67
65
