1111111111111111
1111111111111110
1111111111111100
1111111111111010
1111111111111000
1111111111110110
1111111111110100
1111111111101110
1111111111110010
1111111111101100
1111111111011110
1111111111110000
1111111111101010
1111111111011100
1111111110111110
1111111111101000
1111111111100110
1111111111011010
1111111110111100
1111111101111110
1111111111100100
1111111111011000
1111111111010110
1111111110111010
1111111101111100
1111111011111110
1111111111100010
1111111111010100
1111111110111000
1111111111001110
1111111110110110
1111111101111010
1111111011111100
1111110111111110
1111111111100000
1111111111010010
1111111111001100
1111111110110100
1111111101111000
1111111110101110
1111111101110110
1111111011111010
1111110111111100
1111101111111110
1111111111010000
1111111111001010
1111111110110010
1111111110101100
1111111101110100
1111111011111000
1111111110011110
1111111101101110
1111111011110110
1111110111111010
1111101111111100
1111011111111110
1111111111001000
1111111110110000
1111111111000110
1111111110101010
1111111101110010
1111111110011100
1111111101101100
1111111011110100
1111110111111000
1111111101011110
1111111011101110
1111110111110110
1111101111111010
1111011111111100
1110111111111110
1111111111000100
1111111110101000
1111111101110000
1111111110100110
1111111110011010
1111111101101010
1111111011110010
1111111101011100
1111111011101100
1111110111110100
1111101111111000
1111111100111110
1111111011011110
1111110111101110
1111101111110110
1111011111111010
1110111111111100
1101111111111110
1111111111000010
1111111110100100
1111111110011000
1111111101101000
1111111011110000
1111111110010110
1111111101100110
1111111101011010
1111111011101010
1111110111110010
1111111100111100
1111111011011100
1111110111101100
1111101111110100
1111011111111000
1111111010111110
1111110111011110
1111101111101110
1111011111110110
1110111111111010
1101111111111100
1011111111111110
1111111111000000
1111111110100010
1111111110010100
1111111101100100
1111111101011000
1111111011101000
1111110111110000
1111111110001110
1111111101010110
1111111011100110
1111111100111010
1111111011011010
1111110111101010
1111101111110010
1111111010111100
1111110111011100
1111101111101100
1111011111110100
1110111111111000
1111111001111110
1111110110111110
1111101111011110
1111011111101110
1110111111110110
1101111111111010
1011111111111100
0111111111111110
1111111110100000
1111111110010010
1111111101100010
1111111110001100
1111111101010100
1111111011100100
1111111100111000
1111111011011000
1111110111101000
1111101111110000
1111111101001110
1111111100110110
1111111011010110
1111110111100110
1111111010111010
1111110111011010
1111101111101010
1111011111110010
1111111001111100
1111110110111100
1111101111011100
1111011111101100
1110111111110100
1101111111111000
1111110101111110
1111101110111110
1111011111011110
1110111111101110
1101111111110110
1011111111111010
0111111111111100
1111111110010000
1111111101100000
1111111110001010
1111111101010010
1111111011100010
1111111101001100
1111111100110100
1111111011010100
1111110111100100
1111111010111000
1111110111011000
1111101111101000
1111011111110000
1111111100101110
1111111011001110
1111111010110110
1111110111010110
1111101111100110
1111111001111010
1111110110111010
1111101111011010
1111011111101010
1110111111110010
1111110101111100
1111101110111100
1111011111011100
1110111111101100
1101111111110100
1011111111111000
1111110011111110
1111101101111110
1111011110111110
1110111111011110
1101111111101110
1011111111110110
0111111111111010
1111111110001000
1111111101010000
1111111011100000
1111111110000110
1111111101001010
1111111100110010
1111111011010010
1111110111100010
1111111100101100
1111111011001100
1111111010110100
1111110111010100
1111101111100100
1111111001111000
1111110110111000
1111101111011000
1111011111101000
1110111111110000
1111111100011110
1111111010101110
1111110111001110
1111111001110110
1111110110110110
1111101111010110
1111011111100110
1111110101111010
1111101110111010
1111011111011010
1110111111101010
1101111111110010
1111110011111100
1111101101111100
1111011110111100
1110111111011100
1101111111101100
1011111111110100
0111111111111000
1111101011111110
1111011101111110
1110111110111110
1101111111011110
1011111111101110
0111111111110110
1111111110000100
1111111101001000
1111111100110000
1111111011010000
1111110111100000
1111111101000110
1111111100101010
1111111011001010
1111111010110010
1111110111010010
1111101111100010
1111111100011100
1111111010101100
1111110111001100
1111111001110100
1111110110110100
1111101111010100
1111011111100100
1111110101111000
1111101110111000
1111011111011000
1110111111101000
1101111111110000
1111111010011110
1111111001101110
1111110110101110
1111101111001110
1111110101110110
1111101110110110
1111011111010110
1110111111100110
1111110011111010
1111101101111010
1111011110111010
1110111111011010
1101111111101010
1011111111110010
1111101011111100
1111011101111100
1110111110111100
1101111111011100
