0,0,0: 1
0,0,1: 0
0,0,2: 0
0,0,3: 0
0,0,4: 0
0,0,5: 0
0,0,6: 0
0,1,0: 1
0,1,1: 0
0,1,2: 0
0,1,3: 0
0,1,4: 0
0,1,5: 0
0,1,6: 0
0,2,0: 0
0,2,1: 0
0,2,2: 0
0,2,3: 0
0,2,4: 0
0,2,5: 0
0,2,6: 0
0,3,0: 0
0,3,1: 0
0,3,2: 0
0,3,3: 0
0,3,4: 0
0,3,5: 0
0,3,6: 0
1,0,0: 1
1,0,1: 0
1,0,2: 0
1,0,3: 0
1,0,4: 0
1,0,5: 0
1,0,6: 0
1,1,0: 2
1,1,1: 0
1,1,2: 0
1,1,3: 0
1,1,4: 0
1,1,5: 0
1,1,6: 0
1,2,0: 1
1,2,1: 0
1,2,2: 0
1,2,3: 0
1,2,4: 0
1,2,5: 0
1,2,6: 0
1,3,0: 0
1,3,1: 0
1,3,2: 0
1,3,3: 0
1,3,4: 0
1,3,5: 0
1,3,6: 0
2,0,0: 1
2,0,1: 0
2,0,2: 0
2,0,3: 0
2,0,4: 0
2,0,5: 0
2,0,6: 0
2,1,0: 2
2,1,1: 1
2,1,2: 0
2,1,3: 0
2,1,4: 0
2,1,5: 0
2,1,6: 0
2,2,0: 1
2,2,1: 2
2,2,2: 0
2,2,3: 0
2,2,4: 0
2,2,5: 0
2,2,6: 0
2,3,0: 0
2,3,1: 1
2,3,2: 0
2,3,3: 0
2,3,4: 0
2,3,5: 0
2,3,6: 0
3,0,0: 1
3,0,1: 0
3,0,2: 0
3,0,3: 0
3,0,4: 0
3,0,5: 0
3,0,6: 0
3,1,0: 2
3,1,1: 1
3,1,2: 1
3,1,3: 0
3,1,4: 0
3,1,5: 0
3,1,6: 0
3,2,0: 1
3,2,1: 2
3,2,2: 2
3,2,3: 1
3,2,4: 0
3,2,5: 0
3,2,6: 0
3,3,0: 0
3,3,1: 1
3,3,2: 1
3,3,3: 2
3,3,4: 0
3,3,5: 0
3,3,6: 0
4,0,0: 1
4,0,1: 0
4,0,2: 0
4,0,3: 0
4,0,4: 0
4,0,5: 0
4,0,6: 0
4,1,0: 2
4,1,1: 1
4,1,2: 1
4,1,3: 1
4,1,4: 0
4,1,5: 0
4,1,6: 0
4,2,0: 1
4,2,1: 2
4,2,2: 2
4,2,3: 3
4,2,4: 1
4,2,5: 1
4,2,6: 0
4,3,0: 0
4,3,1: 1
4,3,2: 1
4,3,3: 3
4,3,4: 2
4,3,5: 2
4,3,6: 1
5,0,0: 1
5,0,1: 0
5,0,2: 0
5,0,3: 0
5,0,4: 0
5,0,5: 0
5,0,6: 0
5,1,0: 2
5,1,1: 1
5,1,2: 1
5,1,3: 1
5,1,4: 1
5,1,5: 0
5,1,6: 0
5,2,0: 1
5,2,1: 2
5,2,2: 2
5,2,3: 3
5,2,4: 3
5,2,5: 2
5,2,6: 1
5,3,0: 0
5,3,1: 1
5,3,2: 1
5,3,3: 3
5,3,4: 3
5,3,5: 4
5,3,6: 3
6,0,0: 1
6,0,1: 0
6,0,2: 0
6,0,3: 0
6,0,4: 0
6,0,5: 0
6,0,6: 0
6,1,0: 2
6,1,1: 1
6,1,2: 1
6,1,3: 1
6,1,4: 1
6,1,5: 1
6,1,6: 0
6,2,0: 1
6,2,1: 2
6,2,2: 2
6,2,3: 3
6,2,4: 3
6,2,5: 4
6,2,6: 2
6,3,0: 0
6,3,1: 1
6,3,2: 1
6,3,3: 3
6,3,4: 3
6,3,5: 5
6,3,6: 5
7,0,0: 1
7,0,1: 0
7,0,2: 0
7,0,3: 0
7,0,4: 0
7,0,5: 0
7,0,6: 0
7,1,0: 2
7,1,1: 1
7,1,2: 1
7,1,3: 1
7,1,4: 1
7,1,5: 1
7,1,6: 1
7,2,0: 1
7,2,1: 2
7,2,2: 2
7,2,3: 3
7,2,4: 3
7,2,5: 4
7,2,6: 4
7,3,0: 0
7,3,1: 1
7,3,2: 1
7,3,3: 3
7,3,4: 3
7,3,5: 5
7,3,6: 6
8,0,0: 1
8,0,1: 0
8,0,2: 0
8,0,3: 0
8,0,4: 0
8,0,5: 0
8,0,6: 0
8,1,0: 2
8,1,1: 1
8,1,2: 1
8,1,3: 1
8,1,4: 1
8,1,5: 1
8,1,6: 1
8,2,0: 1
8,2,1: 2
8,2,2: 2
8,2,3: 3
8,2,4: 3
8,2,5: 4
8,2,6: 4
8,3,0: 0
8,3,1: 1
8,3,2: 1
8,3,3: 3
8,3,4: 3
8,3,5: 5
8,3,6: 6
9,0,0: 1
9,0,1: 0
9,0,2: 0
9,0,3: 0
9,0,4: 0
9,0,5: 0
9,0,6: 0
9,1,0: 2
9,1,1: 1
9,1,2: 1
9,1,3: 1
9,1,4: 1
9,1,5: 1
9,1,6: 1
9,2,0: 1
9,2,1: 2
9,2,2: 2
9,2,3: 3
9,2,4: 3
9,2,5: 4
9,2,6: 4
9,3,0: 0
9,3,1: 1
9,3,2: 1
9,3,3: 3
9,3,4: 3
9,3,5: 5
9,3,6: 6
10,0,0: 1
10,0,1: 0
10,0,2: 0
10,0,3: 0
10,0,4: 0
10,0,5: 0
10,0,6: 0
10,1,0: 2
10,1,1: 1
10,1,2: 1
10,1,3: 1
10,1,4: 1
10,1,5: 1
10,1,6: 1
10,2,0: 1
10,2,1: 2
10,2,2: 2
10,2,3: 3
10,2,4: 3
10,2,5: 4
10,2,6: 4
10,3,0: 0
10,3,1: 1
10,3,2: 1
10,3,3: 3
10,3,4: 3
10,3,5: 5
10,3,6: 6
11,0,0: 1
11,0,1: 0
11,0,2: 0
11,0,3: 0
11,0,4: 0
11,0,5: 0
11,0,6: 0
11,1,0: 2
11,1,1: 1
11,1,2: 1
11,1,3: 1
11,1,4: 1
11,1,5: 1
11,1,6: 1
11,2,0: 1
11,2,1: 2
11,2,2: 2
11,2,3: 3
11,2,4: 3
11,2,5: 4
11,2,6: 4
11,3,0: 0
11,3,1: 1
11,3,2: 1
11,3,3: 3
11,3,4: 3
11,3,5: 5
11,3,6: 6
12,0,0: 1
12,0,1: 0
12,0,2: 0
12,0,3: 0
12,0,4: 0
12,0,5: 0
12,0,6: 0
12,1,0: 2
12,1,1: 1
12,1,2: 1
12,1,3: 1
12,1,4: 1
12,1,5: 1
12,1,6: 1
12,2,0: 1
12,2,1: 2
12,2,2: 2
12,2,3: 3
12,2,4: 3
12,2,5: 4
12,2,6: 4
12,3,0: 0
12,3,1: 1
12,3,2: 1
12,3,3: 3
12,3,4: 3
12,3,5: 5
12,3,6: 6
13,0,0: 1
13,0,1: 0
13,0,2: 0
13,0,3: 0
13,0,4: 0
13,0,5: 0
13,0,6: 0
13,1,0: 2
13,1,1: 1
13,1,2: 1
13,1,3: 1
13,1,4: 1
13,1,5: 1
13,1,6: 1
13,2,0: 1
13,2,1: 2
13,2,2: 2
13,2,3: 3
13,2,4: 3
13,2,5: 4
13,2,6: 4
13,3,0: 0
13,3,1: 1
13,3,2: 1
13,3,3: 3
13,3,4: 3
13,3,5: 5
13,3,6: 6
14,0,0: 1
14,0,1: 0
14,0,2: 0
14,0,3: 0
14,0,4: 0
14,0,5: 0
14,0,6: 0
14,1,0: 2
14,1,1: 1
14,1,2: 1
14,1,3: 1
14,1,4: 1
14,1,5: 1
14,1,6: 1
14,2,0: 1
14,2,1: 2
14,2,2: 2
14,2,3: 3
14,2,4: 3
14,2,5: 4
14,2,6: 4
14,3,0: 0
14,3,1: 1
14,3,2: 1
14,3,3: 3
14,3,4: 3
14,3,5: 5
14,3,6: 6
15,0,0: 1
15,0,1: 0
15,0,2: 0
15,0,3: 0
15,0,4: 0
15,0,5: 0
15,0,6: 0
15,1,0: 2
15,1,1: 1
15,1,2: 1
15,1,3: 1
15,1,4: 1
15,1,5: 1
15,1,6: 1
15,2,0: 1
15,2,1: 2
15,2,2: 2
15,2,3: 3
15,2,4: 3
15,2,5: 4
15,2,6: 4
15,3,0: 0
15,3,1: 1
15,3,2: 1
15,3,3: 3
15,3,4: 3
15,3,5: 5
15,3,6: 6
16,0,0: 1
16,0,1: 0
16,0,2: 0
16,0,3: 0
16,0,4: 0
16,0,5: 0
16,0,6: 0
16,1,0: 2
16,1,1: 1
16,1,2: 1
16,1,3: 1
16,1,4: 1
16,1,5: 1
16,1,6: 1
16,2,0: 1
16,2,1: 2
16,2,2: 2
16,2,3: 3
16,2,4: 3
16,2,5: 4
16,2,6: 4
16,3,0: 0
16,3,1: 1
16,3,2: 1
16,3,3: 3
16,3,4: 3
16,3,5: 5
16,3,6: 6
17,0,0: 1
17,0,1: 0
17,0,2: 0
17,0,3: 0
17,0,4: 0
17,0,5: 0
17,0,6: 0
17,1,0: 2
17,1,1: 1
17,1,2: 1
17,1,3: 1
17,1,4: 1
17,1,5: 1
17,1,6: 1
17,2,0: 1
17,2,1: 2
17,2,2: 2
17,2,3: 3
17,2,4: 3
17,2,5: 4
17,2,6: 4
17,3,0: 0
17,3,1: 1
17,3,2: 1
17,3,3: 3
17,3,4: 3
17,3,5: 5
17,3,6: 6
18,0,0: 1
18,0,1: 0
18,0,2: 0
18,0,3: 0
18,0,4: 0
18,0,5: 0
18,0,6: 0
18,1,0: 2
18,1,1: 1
18,1,2: 1
18,1,3: 1
18,1,4: 1
18,1,5: 1
18,1,6: 1
18,2,0: 1
18,2,1: 2
18,2,2: 2
18,2,3: 3
18,2,4: 3
18,2,5: 4
18,2,6: 4
18,3,0: 0
18,3,1: 1
18,3,2: 1
18,3,3: 3
18,3,4: 3
18,3,5: 5
18,3,6: 6
19,0,0: 1
19,0,1: 0
19,0,2: 0
19,0,3: 0
19,0,4: 0
19,0,5: 0
19,0,6: 0
19,1,0: 2
19,1,1: 1
19,1,2: 1
19,1,3: 1
19,1,4: 1
19,1,5: 1
19,1,6: 1
19,2,0: 1
19,2,1: 2
19,2,2: 2
19,2,3: 3
19,2,4: 3
19,2,5: 4
19,2,6: 4
19,3,0: 0
19,3,1: 1
19,3,2: 1
19,3,3: 3
19,3,4: 3
19,3,5: 5
19,3,6: 6
20,0,0: 1
20,0,1: 0
20,0,2: 0
20,0,3: 0
20,0,4: 0
20,0,5: 0
20,0,6: 0
20,1,0: 2
20,1,1: 1
20,1,2: 1
20,1,3: 1
20,1,4: 1
20,1,5: 1
20,1,6: 1
20,2,0: 1
20,2,1: 2
20,2,2: 2
20,2,3: 3
20,2,4: 3
20,2,5: 4
20,2,6: 4
20,3,0: 0
20,3,1: 1
20,3,2: 1
20,3,3: 3
20,3,4: 3
20,3,5: 5
20,3,6: 6
21,0,0: 1
21,0,1: 0
21,0,2: 0
21,0,3: 0
21,0,4: 0
21,0,5: 0
21,0,6: 0
21,1,0: 2
21,1,1: 1
21,1,2: 1
21,1,3: 1
21,1,4: 1
21,1,5: 1
21,1,6: 1
21,2,0: 1
21,2,1: 2
21,2,2: 2
21,2,3: 3
21,2,4: 3
21,2,5: 4
21,2,6: 4
21,3,0: 0
21,3,1: 1
21,3,2: 1
21,3,3: 3
21,3,4: 3
21,3,5: 5
21,3,6: 6
22,0,0: 1
22,0,1: 0
22,0,2: 0
22,0,3: 0
22,0,4: 0
22,0,5: 0
22,0,6: 0
22,1,0: 2
22,1,1: 1
22,1,2: 1
22,1,3: 1
22,1,4: 1
22,1,5: 1
22,1,6: 1
22,2,0: 1
22,2,1: 2
22,2,2: 2
22,2,3: 3
22,2,4: 3
22,2,5: 4
22,2,6: 4
22,3,0: 0
22,3,1: 1
22,3,2: 1
22,3,3: 3
22,3,4: 3
22,3,5: 5
22,3,6: 6
23,0,0: 1
23,0,1: 0
23,0,2: 0
23,0,3: 0
23,0,4: 0
23,0,5: 0
23,0,6: 0
23,1,0: 2
23,1,1: 1
23,1,2: 1
23,1,3: 1
23,1,4: 1
23,1,5: 1
23,1,6: 1
23,2,0: 1
23,2,1: 2
23,2,2: 2
23,2,3: 3
23,2,4: 3
23,2,5: 4
23,2,6: 4
23,3,0: 0
23,3,1: 1
23,3,2: 1
23,3,3: 3
23,3,4: 3
23,3,5: 5
23,3,6: 6
24,0,0: 1
24,0,1: 0
24,0,2: 0
24,0,3: 0
24,0,4: 0
24,0,5: 0
24,0,6: 0
24,1,0: 2
24,1,1: 1
24,1,2: 1
24,1,3: 1
24,1,4: 1
24,1,5: 1
24,1,6: 1
24,2,0: 1
24,2,1: 2
24,2,2: 2
24,2,3: 3
24,2,4: 3
24,2,5: 4
24,2,6: 4
24,3,0: 0
24,3,1: 1
24,3,2: 1
24,3,3: 3
24,3,4: 3
24,3,5: 5
24,3,6: 6
25,0,0: 1
25,0,1: 0
25,0,2: 0
25,0,3: 0
25,0,4: 0
25,0,5: 0
25,0,6: 0
25,1,0: 2
25,1,1: 1
25,1,2: 1
25,1,3: 1
25,1,4: 1
25,1,5: 1
25,1,6: 1
25,2,0: 1
25,2,1: 2
25,2,2: 2
25,2,3: 3
25,2,4: 3
25,2,5: 4
25,2,6: 4
25,3,0: 0
25,3,1: 1
25,3,2: 1
25,3,3: 3
25,3,4: 3
25,3,5: 5
25,3,6: 6
26,0,0: 1
26,0,1: 0
26,0,2: 0
26,0,3: 0
26,0,4: 0
26,0,5: 0
26,0,6: 0
26,1,0: 2
26,1,1: 1
26,1,2: 1
26,1,3: 1
26,1,4: 1
26,1,5: 1
26,1,6: 1
26,2,0: 1
26,2,1: 2
26,2,2: 2
26,2,3: 3
26,2,4: 3
26,2,5: 4
26,2,6: 4
26,3,0: 0
26,3,1: 1
26,3,2: 1
26,3,3: 3
26,3,4: 3
26,3,5: 5
26,3,6: 6
27,0,0: 1
27,0,1: 0
27,0,2: 0
27,0,3: 0
27,0,4: 0
27,0,5: 0
27,0,6: 0
27,1,0: 2
27,1,1: 1
27,1,2: 1
27,1,3: 1
27,1,4: 1
27,1,5: 1
27,1,6: 1
27,2,0: 1
27,2,1: 2
27,2,2: 2
27,2,3: 3
27,2,4: 3
27,2,5: 4
27,2,6: 4
27,3,0: 0
27,3,1: 1
27,3,2: 1
27,3,3: 3
27,3,4: 3
27,3,5: 5
27,3,6: 6
28,0,0: 1
28,0,1: 0
28,0,2: 0
28,0,3: 0
28,0,4: 0
28,0,5: 0
28,0,6: 0
28,1,0: 2
28,1,1: 1
28,1,2: 1
28,1,3: 1
28,1,4: 1
28,1,5: 1
28,1,6: 1
28,2,0: 1
28,2,1: 2
28,2,2: 2
28,2,3: 3
28,2,4: 3
28,2,5: 4
28,2,6: 4
28,3,0: 0
28,3,1: 1
28,3,2: 1
28,3,3: 3
28,3,4: 3
28,3,5: 5
28,3,6: 6
29,0,0: 1
29,0,1: 0
29,0,2: 0
29,0,3: 0
29,0,4: 0
29,0,5: 0
29,0,6: 0
29,1,0: 2
29,1,1: 1
29,1,2: 1
29,1,3: 1
29,1,4: 1
29,1,5: 1
29,1,6: 1
29,2,0: 1
29,2,1: 2
29,2,2: 2
29,2,3: 3
29,2,4: 3
29,2,5: 4
29,2,6: 4
29,3,0: 0
29,3,1: 1
29,3,2: 1
29,3,3: 3
29,3,4: 3
29,3,5: 5
29,3,6: 6
30,0,0: 1
30,0,1: 0
30,0,2: 0
30,0,3: 0
30,0,4: 0
30,0,5: 0
30,0,6: 0
30,1,0: 2
30,1,1: 1
30,1,2: 1
30,1,3: 1
30,1,4: 1
30,1,5: 1
30,1,6: 1
30,2,0: 1
30,2,1: 2
30,2,2: 2
30,2,3: 3
30,2,4: 3
30,2,5: 4
30,2,6: 4
30,3,0: 0
30,3,1: 1
30,3,2: 1
30,3,3: 3
30,3,4: 3
30,3,5: 5
30,3,6: 6
31,0,0: 1
31,0,1: 0
31,0,2: 0
31,0,3: 0
31,0,4: 0
31,0,5: 0
31,0,6: 0
31,1,0: 2
31,1,1: 1
31,1,2: 1
31,1,3: 1
31,1,4: 1
31,1,5: 1
31,1,6: 1
31,2,0: 1
31,2,1: 2
31,2,2: 2
31,2,3: 3
31,2,4: 3
31,2,5: 4
31,2,6: 4
31,3,0: 0
31,3,1: 1
31,3,2: 1
31,3,3: 3
31,3,4: 3
31,3,5: 5
31,3,6: 6
32,0,0: 1
32,0,1: 0
32,0,2: 0
32,0,3: 0
32,0,4: 0
32,0,5: 0
32,0,6: 0
32,1,0: 2
32,1,1: 1
32,1,2: 1
32,1,3: 1
32,1,4: 1
32,1,5: 1
32,1,6: 1
32,2,0: 1
32,2,1: 2
32,2,2: 2
32,2,3: 3
32,2,4: 3
32,2,5: 4
32,2,6: 4
32,3,0: 0
32,3,1: 1
32,3,2: 1
32,3,3: 3
32,3,4: 3
32,3,5: 5
32,3,6: 6
33,0,0: 1
33,0,1: 0
33,0,2: 0
33,0,3: 0
33,0,4: 0
33,0,5: 0
33,0,6: 0
33,1,0: 2
33,1,1: 1
33,1,2: 1
33,1,3: 1
33,1,4: 1
33,1,5: 1
33,1,6: 1
33,2,0: 1
33,2,1: 2
33,2,2: 2
33,2,3: 3
33,2,4: 3
33,2,5: 4
33,2,6: 4
33,3,0: 0
33,3,1: 1
33,3,2: 1
33,3,3: 3
33,3,4: 3
33,3,5: 5
33,3,6: 6
34,0,0: 1
34,0,1: 0
34,0,2: 0
34,0,3: 0
34,0,4: 0
34,0,5: 0
34,0,6: 0
34,1,0: 2
34,1,1: 1
34,1,2: 1
34,1,3: 1
34,1,4: 1
34,1,5: 1
34,1,6: 1
34,2,0: 1
34,2,1: 2
34,2,2: 2
34,2,3: 3
34,2,4: 3
34,2,5: 4
34,2,6: 4
34,3,0: 0
34,3,1: 1
34,3,2: 1
34,3,3: 3
34,3,4: 3
34,3,5: 5
34,3,6: 6
35,0,0: 1
35,0,1: 0
35,0,2: 0
35,0,3: 0
35,0,4: 0
35,0,5: 0
35,0,6: 0
35,1,0: 2
35,1,1: 1
35,1,2: 1
35,1,3: 1
35,1,4: 1
35,1,5: 1
35,1,6: 1
35,2,0: 1
35,2,1: 2
35,2,2: 2
35,2,3: 3
35,2,4: 3
35,2,5: 4
35,2,6: 4
35,3,0: 0
35,3,1: 1
35,3,2: 1
35,3,3: 3
35,3,4: 3
35,3,5: 5
35,3,6: 6
36,0,0: 1
36,0,1: 0
36,0,2: 0
36,0,3: 0
36,0,4: 0
36,0,5: 0
36,0,6: 0
36,1,0: 2
36,1,1: 1
36,1,2: 1
36,1,3: 1
36,1,4: 1
36,1,5: 1
36,1,6: 1
36,2,0: 1
36,2,1: 2
36,2,2: 2
36,2,3: 3
36,2,4: 3
36,2,5: 4
36,2,6: 4
36,3,0: 0
36,3,1: 1
36,3,2: 1
36,3,3: 3
36,3,4: 3
36,3,5: 5
36,3,6: 6
37,0,0: 1
37,0,1: 0
37,0,2: 0
37,0,3: 0
37,0,4: 0
37,0,5: 0
37,0,6: 0
37,1,0: 2
37,1,1: 1
37,1,2: 1
37,1,3: 1
37,1,4: 1
37,1,5: 1
37,1,6: 1
37,2,0: 1
37,2,1: 2
37,2,2: 2
37,2,3: 3
37,2,4: 3
37,2,5: 4
37,2,6: 4
37,3,0: 0
37,3,1: 1
37,3,2: 1
37,3,3: 3
37,3,4: 3
37,3,5: 5
37,3,6: 6
38,0,0: 1
38,0,1: 0
38,0,2: 0
38,0,3: 0
38,0,4: 0
38,0,5: 0
38,0,6: 0
38,1,0: 2
38,1,1: 1
38,1,2: 1
38,1,3: 1
38,1,4: 1
38,1,5: 1
38,1,6: 1
38,2,0: 1
38,2,1: 2
38,2,2: 2
38,2,3: 3
38,2,4: 3
38,2,5: 4
38,2,6: 4
38,3,0: 0
38,3,1: 1
38,3,2: 1
38,3,3: 3
38,3,4: 3
38,3,5: 5
38,3,6: 6
39,0,0: 1
39,0,1: 0
39,0,2: 0
39,0,3: 0
39,0,4: 0
39,0,5: 0
39,0,6: 0
39,1,0: 2
39,1,1: 1
39,1,2: 1
39,1,3: 1
39,1,4: 1
39,1,5: 1
39,1,6: 1
39,2,0: 1
39,2,1: 2
39,2,2: 2
39,2,3: 3
39,2,4: 3
39,2,5: 4
39,2,6: 4
39,3,0: 0
39,3,1: 1
39,3,2: 1
39,3,3: 3
39,3,4: 3
39,3,5: 5
39,3,6: 6
40,0,0: 1
40,0,1: 0
40,0,2: 0
40,0,3: 0
40,0,4: 0
40,0,5: 0
40,0,6: 0
40,1,0: 2
40,1,1: 1
40,1,2: 1
40,1,3: 1
40,1,4: 1
40,1,5: 1
40,1,6: 1
40,2,0: 1
40,2,1: 2
40,2,2: 2
40,2,3: 3
40,2,4: 3
40,2,5: 4
40,2,6: 4
40,3,0: 0
40,3,1: 1
40,3,2: 1
40,3,3: 3
40,3,4: 3
40,3,5: 5
40,3,6: 6
41,0,0: 1
41,0,1: 0
41,0,2: 0
41,0,3: 0
41,0,4: 0
41,0,5: 0
41,0,6: 0
41,1,0: 2
41,1,1: 1
41,1,2: 1
41,1,3: 1
41,1,4: 1
41,1,5: 1
41,1,6: 1
41,2,0: 1
41,2,1: 2
41,2,2: 2
41,2,3: 3
41,2,4: 3
41,2,5: 4
41,2,6: 4
41,3,0: 0
41,3,1: 1
41,3,2: 1
41,3,3: 3
41,3,4: 3
41,3,5: 5
41,3,6: 6
42,0,0: 1
42,0,1: 0
42,0,2: 0
42,0,3: 0
42,0,4: 0
42,0,5: 0
42,0,6: 0
42,1,0: 2
42,1,1: 1
42,1,2: 1
42,1,3: 1
42,1,4: 1
42,1,5: 1
42,1,6: 1
42,2,0: 1
42,2,1: 2
42,2,2: 2
42,2,3: 3
42,2,4: 3
42,2,5: 4
42,2,6: 4
42,3,0: 0
42,3,1: 1
42,3,2: 1
42,3,3: 3
42,3,4: 3
42,3,5: 5
42,3,6: 6
43,0,0: 1
43,0,1: 0
43,0,2: 0
43,0,3: 0
43,0,4: 0
43,0,5: 0
43,0,6: 0
43,1,0: 2
43,1,1: 1
43,1,2: 1
43,1,3: 1
43,1,4: 1
43,1,5: 1
43,1,6: 1
43,2,0: 1
43,2,1: 2
43,2,2: 2
43,2,3: 3
43,2,4: 3
43,2,5: 4
43,2,6: 4
43,3,0: 0
43,3,1: 1
43,3,2: 1
43,3,3: 3
43,3,4: 3
43,3,5: 5
43,3,6: 6
44,0,0: 1
44,0,1: 0
44,0,2: 0
44,0,3: 0
44,0,4: 0
44,0,5: 0
44,0,6: 0
44,1,0: 2
44,1,1: 1
44,1,2: 1
44,1,3: 1
44,1,4: 1
44,1,5: 1
44,1,6: 1
44,2,0: 1
44,2,1: 2
44,2,2: 2
44,2,3: 3
44,2,4: 3
44,2,5: 4
44,2,6: 4
44,3,0: 0
44,3,1: 1
44,3,2: 1
44,3,3: 3
44,3,4: 3
44,3,5: 5
44,3,6: 6
45,0,0: 1
45,0,1: 0
45,0,2: 0
45,0,3: 0
45,0,4: 0
45,0,5: 0
45,0,6: 0
45,1,0: 2
45,1,1: 1
45,1,2: 1
45,1,3: 1
45,1,4: 1
45,1,5: 1
45,1,6: 1
45,2,0: 1
45,2,1: 2
45,2,2: 2
45,2,3: 3
45,2,4: 3
45,2,5: 4
45,2,6: 4
45,3,0: 0
45,3,1: 1
45,3,2: 1
45,3,3: 3
45,3,4: 3
45,3,5: 5
45,3,6: 6
46,0,0: 1
46,0,1: 0
46,0,2: 0
46,0,3: 0
46,0,4: 0
46,0,5: 0
46,0,6: 0
46,1,0: 2
46,1,1: 1
46,1,2: 1
46,1,3: 1
46,1,4: 1
46,1,5: 1
46,1,6: 1
46,2,0: 1
46,2,1: 2
46,2,2: 2
46,2,3: 3
46,2,4: 3
46,2,5: 4
46,2,6: 4
46,3,0: 0
46,3,1: 1
46,3,2: 1
46,3,3: 3
46,3,4: 3
46,3,5: 5
46,3,6: 6
47,0,0: 1
47,0,1: 0
47,0,2: 0
47,0,3: 0
47,0,4: 0
47,0,5: 0
47,0,6: 0
47,1,0: 2
47,1,1: 1
47,1,2: 1
47,1,3: 1
47,1,4: 1
47,1,5: 1
47,1,6: 1
47,2,0: 1
47,2,1: 2
47,2,2: 2
47,2,3: 3
47,2,4: 3
47,2,5: 4
47,2,6: 4
47,3,0: 0
47,3,1: 1
47,3,2: 1
47,3,3: 3
47,3,4: 3
47,3,5: 5
47,3,6: 6
48,0,0: 1
48,0,1: 0
48,0,2: 0
48,0,3: 0
48,0,4: 0
48,0,5: 0
48,0,6: 0
48,1,0: 2
48,1,1: 1
48,1,2: 1
48,1,3: 1
48,1,4: 1
48,1,5: 1
48,1,6: 1
48,2,0: 1
48,2,1: 2
48,2,2: 2
48,2,3: 3
48,2,4: 3
48,2,5: 4
48,2,6: 4
48,3,0: 0
48,3,1: 1
48,3,2: 1
48,3,3: 3
48,3,4: 3
48,3,5: 5
48,3,6: 6
49,0,0: 1
49,0,1: 0
49,0,2: 0
49,0,3: 0
49,0,4: 0
49,0,5: 0
49,0,6: 0
49,1,0: 2
49,1,1: 1
49,1,2: 1
49,1,3: 1
49,1,4: 1
49,1,5: 1
49,1,6: 1
49,2,0: 1
49,2,1: 2
49,2,2: 2
49,2,3: 3
49,2,4: 3
49,2,5: 4
49,2,6: 4
49,3,0: 0
49,3,1: 1
49,3,2: 1
49,3,3: 3
49,3,4: 3
49,3,5: 5
49,3,6: 6
50,0,0: 1
50,0,1: 0
50,0,2: 0
50,0,3: 0
50,0,4: 0
50,0,5: 0
50,0,6: 0
50,1,0: 2
50,1,1: 1
50,1,2: 1
50,1,3: 1
50,1,4: 1
50,1,5: 1
50,1,6: 1
50,2,0: 1
50,2,1: 2
50,2,2: 2
50,2,3: 3
50,2,4: 3
50,2,5: 4
50,2,6: 4
50,3,0: 0
50,3,1: 1
50,3,2: 1
50,3,3: 3
50,3,4: 3
50,3,5: 5
50,3,6: 6
51,0,0: 1
51,0,1: 0
51,0,2: 0
51,0,3: 0
51,0,4: 0
51,0,5: 0
51,0,6: 0
51,1,0: 2
51,1,1: 1
51,1,2: 1
51,1,3: 1
51,1,4: 1
51,1,5: 1
51,1,6: 1
51,2,0: 1
51,2,1: 2
51,2,2: 2
51,2,3: 3
51,2,4: 3
51,2,5: 4
51,2,6: 4
51,3,0: 0
51,3,1: 1
51,3,2: 1
51,3,3: 3
51,3,4: 3
51,3,5: 5
51,3,6: 6
52,0,0: 1
52,0,1: 0
52,0,2: 0
52,0,3: 0
52,0,4: 0
52,0,5: 0
52,0,6: 0
52,1,0: 2
52,1,1: 1
52,1,2: 1
52,1,3: 1
52,1,4: 1
52,1,5: 1
52,1,6: 1
52,2,0: 1
52,2,1: 2
52,2,2: 2
52,2,3: 3
52,2,4: 3
52,2,5: 4
52,2,6: 4
52,3,0: 0
52,3,1: 1
52,3,2: 1
52,3,3: 3
52,3,4: 3
52,3,5: 5
52,3,6: 6
53,0,0: 1
53,0,1: 0
53,0,2: 0
53,0,3: 0
53,0,4: 0
53,0,5: 0
53,0,6: 0
53,1,0: 2
53,1,1: 1
53,1,2: 1
53,1,3: 1
53,1,4: 1
53,1,5: 1
53,1,6: 1
53,2,0: 1
53,2,1: 2
53,2,2: 2
53,2,3: 3
53,2,4: 3
53,2,5: 4
53,2,6: 4
53,3,0: 0
53,3,1: 1
53,3,2: 1
53,3,3: 3
53,3,4: 3
53,3,5: 5
53,3,6: 6
54,0,0: 1
54,0,1: 0
54,0,2: 0
54,0,3: 0
54,0,4: 0
54,0,5: 0
54,0,6: 0
54,1,0: 2
54,1,1: 1
54,1,2: 1
54,1,3: 1
54,1,4: 1
54,1,5: 1
54,1,6: 1
54,2,0: 1
54,2,1: 2
54,2,2: 2
54,2,3: 3
54,2,4: 3
54,2,5: 4
54,2,6: 4
54,3,0: 0
54,3,1: 1
54,3,2: 1
54,3,3: 3
54,3,4: 3
54,3,5: 5
54,3,6: 6
55,0,0: 1
55,0,1: 0
55,0,2: 0
55,0,3: 0
55,0,4: 0
55,0,5: 0
55,0,6: 0
55,1,0: 2
55,1,1: 1
55,1,2: 1
55,1,3: 1
55,1,4: 1
55,1,5: 1
55,1,6: 1
55,2,0: 1
55,2,1: 2
55,2,2: 2
55,2,3: 3
55,2,4: 3
55,2,5: 4
55,2,6: 4
55,3,0: 0
55,3,1: 1
55,3,2: 1
55,3,3: 3
55,3,4: 3
55,3,5: 5
55,3,6: 6
56,0,0: 1
56,0,1: 0
56,0,2: 0
56,0,3: 0
56,0,4: 0
56,0,5: 0
56,0,6: 0
56,1,0: 2
56,1,1: 1
56,1,2: 1
56,1,3: 1
56,1,4: 1
56,1,5: 1
56,1,6: 1
56,2,0: 1
56,2,1: 2
56,2,2: 2
56,2,3: 3
56,2,4: 3
56,2,5: 4
56,2,6: 4
56,3,0: 0
56,3,1: 1
56,3,2: 1
56,3,3: 3
56,3,4: 3
56,3,5: 5
56,3,6: 6
57,0,0: 1
57,0,1: 0
57,0,2: 0
57,0,3: 0
57,0,4: 0
57,0,5: 0
57,0,6: 0
57,1,0: 2
57,1,1: 1
57,1,2: 1
57,1,3: 1
57,1,4: 1
57,1,5: 1
57,1,6: 1
57,2,0: 1
57,2,1: 2
57,2,2: 2
57,2,3: 3
57,2,4: 3
57,2,5: 4
57,2,6: 4
57,3,0: 0
57,3,1: 1
57,3,2: 1
57,3,3: 3
57,3,4: 3
57,3,5: 5
57,3,6: 6
58,0,0: 1
58,0,1: 0
58,0,2: 0
58,0,3: 0
58,0,4: 0
58,0,5: 0
58,0,6: 0
58,1,0: 2
58,1,1: 1
58,1,2: 1
58,1,3: 1
58,1,4: 1
58,1,5: 1
58,1,6: 1
58,2,0: 1
58,2,1: 2
58,2,2: 2
58,2,3: 3
58,2,4: 3
58,2,5: 4
58,2,6: 4
58,3,0: 0
58,3,1: 1
58,3,2: 1
58,3,3: 3
58,3,4: 3
58,3,5: 5
58,3,6: 6
59,0,0: 1
59,0,1: 0
59,0,2: 0
59,0,3: 0
59,0,4: 0
59,0,5: 0
59,0,6: 0
59,1,0: 2
59,1,1: 1
59,1,2: 1
59,1,3: 1
59,1,4: 1
59,1,5: 1
59,1,6: 1
59,2,0: 1
59,2,1: 2
59,2,2: 2
59,2,3: 3
59,2,4: 3
59,2,5: 4
59,2,6: 4
59,3,0: 0
59,3,1: 1
59,3,2: 1
59,3,3: 3
59,3,4: 3
59,3,5: 5
59,3,6: 6
60,0,0: 1
60,0,1: 0
60,0,2: 0
60,0,3: 0
60,0,4: 0
60,0,5: 0
60,0,6: 0
60,1,0: 2
60,1,1: 1
60,1,2: 1
60,1,3: 1
60,1,4: 1
60,1,5: 1
60,1,6: 1
60,2,0: 1
60,2,1: 2
60,2,2: 2
60,2,3: 3
60,2,4: 3
60,2,5: 4
60,2,6: 4
60,3,0: 0
60,3,1: 1
60,3,2: 1
60,3,3: 3
60,3,4: 3
60,3,5: 5
60,3,6: 6
61,0,0: 1
61,0,1: 0
61,0,2: 0
61,0,3: 0
61,0,4: 0
61,0,5: 0
61,0,6: 0
61,1,0: 2
61,1,1: 1
61,1,2: 1
61,1,3: 1
61,1,4: 1
61,1,5: 1
61,1,6: 1
61,2,0: 1
61,2,1: 2
61,2,2: 2
61,2,3: 3
61,2,4: 3
61,2,5: 4
61,2,6: 4
61,3,0: 0
61,3,1: 1
61,3,2: 1
61,3,3: 3
61,3,4: 3
61,3,5: 5
61,3,6: 6
62,0,0: 1
62,0,1: 0
62,0,2: 0
62,0,3: 0
62,0,4: 0
62,0,5: 0
62,0,6: 0
62,1,0: 2
62,1,1: 1
62,1,2: 1
62,1,3: 1
62,1,4: 1
62,1,5: 1
62,1,6: 1
62,2,0: 1
62,2,1: 2
62,2,2: 2
62,2,3: 3
62,2,4: 3
62,2,5: 4
62,2,6: 4
62,3,0: 0
62,3,1: 1
62,3,2: 1
62,3,3: 3
62,3,4: 3
62,3,5: 5
62,3,6: 6
63,0,0: 1
63,0,1: 0
63,0,2: 0
63,0,3: 0
63,0,4: 0
63,0,5: 0
63,0,6: 0
63,1,0: 2
63,1,1: 1
63,1,2: 1
63,1,3: 1
63,1,4: 1
63,1,5: 1
63,1,6: 1
63,2,0: 1
63,2,1: 2
63,2,2: 2
63,2,3: 3
63,2,4: 3
63,2,5: 4
63,2,6: 4
63,3,0: 0
63,3,1: 1
63,3,2: 1
63,3,3: 3
63,3,4: 3
63,3,5: 5
63,3,6: 6
64,0,0: 1
64,0,1: 0
64,0,2: 0
64,0,3: 0
64,0,4: 0
64,0,5: 0
64,0,6: 0
64,1,0: 2
64,1,1: 1
64,1,2: 1
64,1,3: 1
64,1,4: 1
64,1,5: 1
64,1,6: 1
64,2,0: 1
64,2,1: 2
64,2,2: 2
64,2,3: 3
64,2,4: 3
64,2,5: 4
64,2,6: 4
64,3,0: 0
64,3,1: 1
64,3,2: 1
64,3,3: 3
64,3,4: 3
64,3,5: 5
64,3,6: 6
65,0,0: 1
65,0,1: 0
65,0,2: 0
65,0,3: 0
65,0,4: 0
65,0,5: 0
65,0,6: 0
65,1,0: 2
65,1,1: 1
65,1,2: 1
65,1,3: 1
65,1,4: 1
65,1,5: 1
65,1,6: 1
65,2,0: 1
65,2,1: 2
65,2,2: 2
65,2,3: 3
65,2,4: 3
65,2,5: 4
65,2,6: 4
65,3,0: 0
65,3,1: 1
65,3,2: 1
65,3,3: 3
65,3,4: 3
65,3,5: 5
65,3,6: 6
66,0,0: 1
66,0,1: 0
66,0,2: 0
66,0,3: 0
66,0,4: 0
66,0,5: 0
66,0,6: 0
66,1,0: 2
66,1,1: 1
66,1,2: 1
66,1,3: 1
66,1,4: 1
66,1,5: 1
66,1,6: 1
66,2,0: 1
66,2,1: 2
66,2,2: 2
66,2,3: 3
66,2,4: 3
66,2,5: 4
66,2,6: 4
66,3,0: 0
66,3,1: 1
66,3,2: 1
66,3,3: 3
66,3,4: 3
66,3,5: 5
66,3,6: 6
67,0,0: 1
67,0,1: 0
67,0,2: 0
67,0,3: 0
67,0,4: 0
67,0,5: 0
67,0,6: 0
67,1,0: 2
67,1,1: 1
67,1,2: 1
67,1,3: 1
67,1,4: 1
67,1,5: 1
67,1,6: 1
67,2,0: 1
67,2,1: 2
67,2,2: 2
67,2,3: 3
67,2,4: 3
67,2,5: 4
67,2,6: 4
67,3,0: 0
67,3,1: 1
67,3,2: 1
67,3,3: 3
67,3,4: 3
67,3,5: 5
67,3,6: 6
68,0,0: 1
68,0,1: 0
68,0,2: 0
68,0,3: 0
68,0,4: 0
68,0,5: 0
68,0,6: 0
68,1,0: 2
68,1,1: 1
68,1,2: 1
68,1,3: 1
68,1,4: 1
68,1,5: 1
68,1,6: 1
68,2,0: 1
68,2,1: 2
68,2,2: 2
68,2,3: 3
68,2,4: 3
68,2,5: 4
68,2,6: 4
68,3,0: 0
68,3,1: 1
68,3,2: 1
68,3,3: 3
68,3,4: 3
68,3,5: 5
68,3,6: 6
69,0,0: 1
69,0,1: 0
69,0,2: 0
69,0,3: 0
69,0,4: 0
69,0,5: 0
69,0,6: 0
69,1,0: 2
69,1,1: 1
69,1,2: 1
69,1,3: 1
69,1,4: 1
69,1,5: 1
69,1,6: 1
69,2,0: 1
69,2,1: 2
69,2,2: 2
69,2,3: 3
69,2,4: 3
69,2,5: 4
69,2,6: 4
69,3,0: 0
69,3,1: 1
69,3,2: 1
69,3,3: 3
69,3,4: 3
69,3,5: 5
69,3,6: 6
70,0,0: 1
70,0,1: 0
70,0,2: 0
70,0,3: 0
70,0,4: 0
70,0,5: 0
70,0,6: 0
70,1,0: 2
70,1,1: 1
70,1,2: 1
70,1,3: 1
70,1,4: 1
70,1,5: 1
70,1,6: 1
70,2,0: 1
70,2,1: 2
70,2,2: 2
70,2,3: 3
70,2,4: 3
70,2,5: 4
70,2,6: 4
70,3,0: 0
70,3,1: 1
70,3,2: 1
70,3,3: 3
70,3,4: 3
70,3,5: 5
70,3,6: 6
71,0,0: 1
71,0,1: 0
71,0,2: 0
71,0,3: 0
71,0,4: 0
71,0,5: 0
71,0,6: 0
71,1,0: 2
71,1,1: 1
71,1,2: 1
71,1,3: 1
71,1,4: 1
71,1,5: 1
71,1,6: 1
71,2,0: 1
71,2,1: 2
71,2,2: 2
71,2,3: 3
71,2,4: 3
71,2,5: 4
71,2,6: 4
71,3,0: 0
71,3,1: 1
71,3,2: 1
71,3,3: 3
71,3,4: 3
71,3,5: 5
71,3,6: 6
72,0,0: 1
72,0,1: 0
72,0,2: 0
72,0,3: 0
72,0,4: 0
72,0,5: 0
72,0,6: 0
72,1,0: 2
72,1,1: 1
72,1,2: 1
72,1,3: 1
72,1,4: 1
72,1,5: 1
72,1,6: 1
72,2,0: 1
72,2,1: 2
72,2,2: 2
72,2,3: 3
72,2,4: 3
72,2,5: 4
72,2,6: 4
72,3,0: 0
72,3,1: 1
72,3,2: 1
72,3,3: 3
72,3,4: 3
72,3,5: 5
72,3,6: 6
73,0,0: 1
73,0,1: 0
73,0,2: 0
73,0,3: 0
73,0,4: 0
73,0,5: 0
73,0,6: 0
73,1,0: 2
73,1,1: 1
73,1,2: 1
73,1,3: 1
73,1,4: 1
73,1,5: 1
73,1,6: 1
73,2,0: 1
73,2,1: 2
73,2,2: 2
73,2,3: 3
73,2,4: 3
73,2,5: 4
73,2,6: 4
73,3,0: 0
73,3,1: 1
73,3,2: 1
73,3,3: 3
73,3,4: 3
73,3,5: 5
73,3,6: 6
74,0,0: 1
74,0,1: 0
74,0,2: 0
74,0,3: 0
74,0,4: 0
74,0,5: 0
74,0,6: 0
74,1,0: 2
74,1,1: 1
74,1,2: 1
74,1,3: 1
74,1,4: 1
74,1,5: 1
74,1,6: 1
74,2,0: 1
74,2,1: 2
74,2,2: 2
74,2,3: 3
74,2,4: 3
74,2,5: 4
74,2,6: 4
74,3,0: 0
74,3,1: 1
74,3,2: 1
74,3,3: 3
74,3,4: 3
74,3,5: 5
74,3,6: 6
75,0,0: 1
75,0,1: 0
75,0,2: 0
75,0,3: 0
75,0,4: 0
75,0,5: 0
75,0,6: 0
75,1,0: 2
75,1,1: 1
75,1,2: 1
75,1,3: 1
75,1,4: 1
75,1,5: 1
75,1,6: 1
75,2,0: 1
75,2,1: 2
75,2,2: 2
75,2,3: 3
75,2,4: 3
75,2,5: 4
75,2,6: 4
75,3,0: 0
75,3,1: 1
75,3,2: 1
75,3,3: 3
75,3,4: 3
75,3,5: 5
75,3,6: 6
76,0,0: 1
76,0,1: 0
76,0,2: 0
76,0,3: 0
76,0,4: 0
76,0,5: 0
76,0,6: 0
76,1,0: 2
76,1,1: 1
76,1,2: 1
76,1,3: 1
76,1,4: 1
76,1,5: 1
76,1,6: 1
76,2,0: 1
76,2,1: 2
76,2,2: 2
76,2,3: 3
76,2,4: 3
76,2,5: 4
76,2,6: 4
76,3,0: 0
76,3,1: 1
76,3,2: 1
76,3,3: 3
76,3,4: 3
76,3,5: 5
76,3,6: 6
77,0,0: 1
77,0,1: 0
77,0,2: 0
77,0,3: 0
77,0,4: 0
77,0,5: 0
77,0,6: 0
77,1,0: 2
77,1,1: 1
77,1,2: 1
77,1,3: 1
77,1,4: 1
77,1,5: 1
77,1,6: 1
77,2,0: 1
77,2,1: 2
77,2,2: 2
77,2,3: 3
77,2,4: 3
77,2,5: 4
77,2,6: 4
77,3,0: 0
77,3,1: 1
77,3,2: 1
77,3,3: 3
77,3,4: 3
77,3,5: 5
77,3,6: 6
78,0,0: 1
78,0,1: 0
78,0,2: 0
78,0,3: 0
78,0,4: 0
78,0,5: 0
78,0,6: 0
78,1,0: 2
78,1,1: 1
78,1,2: 1
78,1,3: 1
78,1,4: 1
78,1,5: 1
78,1,6: 1
78,2,0: 1
78,2,1: 2
78,2,2: 2
78,2,3: 3
78,2,4: 3
78,2,5: 4
78,2,6: 4
78,3,0: 0
78,3,1: 1
78,3,2: 1
78,3,3: 3
78,3,4: 3
78,3,5: 5
78,3,6: 6
79,0,0: 1
79,0,1: 0
79,0,2: 0
79,0,3: 0
79,0,4: 0
79,0,5: 0
79,0,6: 0
79,1,0: 2
79,1,1: 1
79,1,2: 1
79,1,3: 1
79,1,4: 1
79,1,5: 1
79,1,6: 1
79,2,0: 1
79,2,1: 2
79,2,2: 2
79,2,3: 3
79,2,4: 3
79,2,5: 4
79,2,6: 4
79,3,0: 0
79,3,1: 1
79,3,2: 1
79,3,3: 3
79,3,4: 3
79,3,5: 5
79,3,6: 6
80,0,0: 1
80,0,1: 0
80,0,2: 0
80,0,3: 0
80,0,4: 0
80,0,5: 0
80,0,6: 0
80,1,0: 2
80,1,1: 1
80,1,2: 1
80,1,3: 1
80,1,4: 1
80,1,5: 1
80,1,6: 1
80,2,0: 1
80,2,1: 2
80,2,2: 2
80,2,3: 3
80,2,4: 3
80,2,5: 4
80,2,6: 4
80,3,0: 0
80,3,1: 1
80,3,2: 1
80,3,3: 3
80,3,4: 3
80,3,5: 5
80,3,6: 6
81,0,0: 1
81,0,1: 0
81,0,2: 0
81,0,3: 0
81,0,4: 0
81,0,5: 0
81,0,6: 0
81,1,0: 2
81,1,1: 1
81,1,2: 1
81,1,3: 1
81,1,4: 1
81,1,5: 1
81,1,6: 1
81,2,0: 1
81,2,1: 2
81,2,2: 2
81,2,3: 3
81,2,4: 3
81,2,5: 4
81,2,6: 4
81,3,0: 0
81,3,1: 1
81,3,2: 1
81,3,3: 3
81,3,4: 3
81,3,5: 5
81,3,6: 6
82,0,0: 1
82,0,1: 0
82,0,2: 0
82,0,3: 0
82,0,4: 0
82,0,5: 0
82,0,6: 0
82,1,0: 2
82,1,1: 1
82,1,2: 1
82,1,3: 1
82,1,4: 1
82,1,5: 1
82,1,6: 1
82,2,0: 1
82,2,1: 2
82,2,2: 2
82,2,3: 3
82,2,4: 3
82,2,5: 4
82,2,6: 4
82,3,0: 0
82,3,1: 1
82,3,2: 1
82,3,3: 3
82,3,4: 3
82,3,5: 5
82,3,6: 6
83,0,0: 1
83,0,1: 0
83,0,2: 0
83,0,3: 0
83,0,4: 0
83,0,5: 0
83,0,6: 0
83,1,0: 2
83,1,1: 1
83,1,2: 1
83,1,3: 1
83,1,4: 1
83,1,5: 1
83,1,6: 1
83,2,0: 1
83,2,1: 2
83,2,2: 2
83,2,3: 3
83,2,4: 3
83,2,5: 4
83,2,6: 4
83,3,0: 0
83,3,1: 1
83,3,2: 1
83,3,3: 3
83,3,4: 3
83,3,5: 5
83,3,6: 6
84,0,0: 1
84,0,1: 0
84,0,2: 0
84,0,3: 0
84,0,4: 0
84,0,5: 0
84,0,6: 0
84,1,0: 2
84,1,1: 1
84,1,2: 1
84,1,3: 1
84,1,4: 1
84,1,5: 1
84,1,6: 1
84,2,0: 1
84,2,1: 2
84,2,2: 2
84,2,3: 3
84,2,4: 3
84,2,5: 4
84,2,6: 4
84,3,0: 0
84,3,1: 1
84,3,2: 1
84,3,3: 3
84,3,4: 3
84,3,5: 5
84,3,6: 6
85,0,0: 1
85,0,1: 0
85,0,2: 0
85,0,3: 0
85,0,4: 0
85,0,5: 0
85,0,6: 0
85,1,0: 2
85,1,1: 1
85,1,2: 1
85,1,3: 1
85,1,4: 1
85,1,5: 1
85,1,6: 1
85,2,0: 1
85,2,1: 2
85,2,2: 2
85,2,3: 3
85,2,4: 3
85,2,5: 4
85,2,6: 4
85,3,0: 0
85,3,1: 1
85,3,2: 1
85,3,3: 3
85,3,4: 3
85,3,5: 5
85,3,6: 6
86,0,0: 1
86,0,1: 0
86,0,2: 0
86,0,3: 0
86,0,4: 0
86,0,5: 0
86,0,6: 0
86,1,0: 2
86,1,1: 1
86,1,2: 1
86,1,3: 1
86,1,4: 1
86,1,5: 1
86,1,6: 1
86,2,0: 1
86,2,1: 2
86,2,2: 2
86,2,3: 3
86,2,4: 3
86,2,5: 4
86,2,6: 4
86,3,0: 0
86,3,1: 1
86,3,2: 1
86,3,3: 3
86,3,4: 3
86,3,5: 5
86,3,6: 6
87,0,0: 1
87,0,1: 0
87,0,2: 0
87,0,3: 0
87,0,4: 0
87,0,5: 0
87,0,6: 0
87,1,0: 2
87,1,1: 1
87,1,2: 1
87,1,3: 1
87,1,4: 1
87,1,5: 1
87,1,6: 1
87,2,0: 1
87,2,1: 2
87,2,2: 2
87,2,3: 3
87,2,4: 3
87,2,5: 4
87,2,6: 4
87,3,0: 0
87,3,1: 1
87,3,2: 1
87,3,3: 3
87,3,4: 3
87,3,5: 5
87,3,6: 6
88,0,0: 1
88,0,1: 0
88,0,2: 0
88,0,3: 0
88,0,4: 0
88,0,5: 0
88,0,6: 0
88,1,0: 2
88,1,1: 1
88,1,2: 1
88,1,3: 1
88,1,4: 1
88,1,5: 1
88,1,6: 1
88,2,0: 1
88,2,1: 2
88,2,2: 2
88,2,3: 3
88,2,4: 3
88,2,5: 4
88,2,6: 4
88,3,0: 0
88,3,1: 1
88,3,2: 1
88,3,3: 3
88,3,4: 3
88,3,5: 5
88,3,6: 6
89,0,0: 1
89,0,1: 0
89,0,2: 0
89,0,3: 0
89,0,4: 0
89,0,5: 0
89,0,6: 0
89,1,0: 2
89,1,1: 1
89,1,2: 1
89,1,3: 1
89,1,4: 1
89,1,5: 1
89,1,6: 1
89,2,0: 1
89,2,1: 2
89,2,2: 2
89,2,3: 3
89,2,4: 3
89,2,5: 4
89,2,6: 4
89,3,0: 0
89,3,1: 1
89,3,2: 1
89,3,3: 3
89,3,4: 3
89,3,5: 5
89,3,6: 6
90,0,0: 1
90,0,1: 0
90,0,2: 0
90,0,3: 0
90,0,4: 0
90,0,5: 0
90,0,6: 0
90,1,0: 2
90,1,1: 1
90,1,2: 1
90,1,3: 1
90,1,4: 1
90,1,5: 1
90,1,6: 1
90,2,0: 1
90,2,1: 2
90,2,2: 2
90,2,3: 3
90,2,4: 3
90,2,5: 4
90,2,6: 4
90,3,0: 0
90,3,1: 1
90,3,2: 1
90,3,3: 3
90,3,4: 3
90,3,5: 5
90,3,6: 6
91,0,0: 1
91,0,1: 0
91,0,2: 0
91,0,3: 0
91,0,4: 0
91,0,5: 0
91,0,6: 0
91,1,0: 2
91,1,1: 1
91,1,2: 1
91,1,3: 1
91,1,4: 1
91,1,5: 1
91,1,6: 1
91,2,0: 1
91,2,1: 2
91,2,2: 2
91,2,3: 3
91,2,4: 3
91,2,5: 4
91,2,6: 4
91,3,0: 0
91,3,1: 1
91,3,2: 1
91,3,3: 3
91,3,4: 3
91,3,5: 5
91,3,6: 6
92,0,0: 1
92,0,1: 0
92,0,2: 0
92,0,3: 0
92,0,4: 0
92,0,5: 0
92,0,6: 0
92,1,0: 2
92,1,1: 1
92,1,2: 1
92,1,3: 1
92,1,4: 1
92,1,5: 1
92,1,6: 1
92,2,0: 1
92,2,1: 2
92,2,2: 2
92,2,3: 3
92,2,4: 3
92,2,5: 4
92,2,6: 4
92,3,0: 0
92,3,1: 1
92,3,2: 1
92,3,3: 3
92,3,4: 3
92,3,5: 5
92,3,6: 6
93,0,0: 1
93,0,1: 0
93,0,2: 0
93,0,3: 0
93,0,4: 0
93,0,5: 0
93,0,6: 0
93,1,0: 2
93,1,1: 1
93,1,2: 1
93,1,3: 1
93,1,4: 1
93,1,5: 1
93,1,6: 1
93,2,0: 1
93,2,1: 2
93,2,2: 2
93,2,3: 3
93,2,4: 3
93,2,5: 4
93,2,6: 4
93,3,0: 0
93,3,1: 1
93,3,2: 1
93,3,3: 3
93,3,4: 3
93,3,5: 5
93,3,6: 6
94,0,0: 1
94,0,1: 0
94,0,2: 0
94,0,3: 0
94,0,4: 0
94,0,5: 0
94,0,6: 0
94,1,0: 2
94,1,1: 1
94,1,2: 1
94,1,3: 1
94,1,4: 1
94,1,5: 1
94,1,6: 1
94,2,0: 1
94,2,1: 2
94,2,2: 2
94,2,3: 3
94,2,4: 3
94,2,5: 4
94,2,6: 4
94,3,0: 0
94,3,1: 1
94,3,2: 1
94,3,3: 3
94,3,4: 3
94,3,5: 5
94,3,6: 6
95,0,0: 1
95,0,1: 0
95,0,2: 0
95,0,3: 0
95,0,4: 0
95,0,5: 0
95,0,6: 0
95,1,0: 2
95,1,1: 1
95,1,2: 1
95,1,3: 1
95,1,4: 1
95,1,5: 1
95,1,6: 1
95,2,0: 1
95,2,1: 2
95,2,2: 2
95,2,3: 3
95,2,4: 3
95,2,5: 4
95,2,6: 4
95,3,0: 0
95,3,1: 1
95,3,2: 1
95,3,3: 3
95,3,4: 3
95,3,5: 5
95,3,6: 6
96,0,0: 1
96,0,1: 0
96,0,2: 0
96,0,3: 0
96,0,4: 0
96,0,5: 0
96,0,6: 0
96,1,0: 2
96,1,1: 1
96,1,2: 1
96,1,3: 1
96,1,4: 1
96,1,5: 1
96,1,6: 1
96,2,0: 1
96,2,1: 2
96,2,2: 2
96,2,3: 3
96,2,4: 3
96,2,5: 4
96,2,6: 4
96,3,0: 0
96,3,1: 1
96,3,2: 1
96,3,3: 3
96,3,4: 3
96,3,5: 5
96,3,6: 6
97,0,0: 1
97,0,1: 0
97,0,2: 0
97,0,3: 0
97,0,4: 0
97,0,5: 0
97,0,6: 0
97,1,0: 2
97,1,1: 1
97,1,2: 1
97,1,3: 1
97,1,4: 1
97,1,5: 1
97,1,6: 1
97,2,0: 1
97,2,1: 2
97,2,2: 2
97,2,3: 3
97,2,4: 3
97,2,5: 4
97,2,6: 4
97,3,0: 0
97,3,1: 1
97,3,2: 1
97,3,3: 3
97,3,4: 3
97,3,5: 5
97,3,6: 6
98,0,0: 1
98,0,1: 0
98,0,2: 0
98,0,3: 0
98,0,4: 0
98,0,5: 0
98,0,6: 0
98,1,0: 2
98,1,1: 1
98,1,2: 1
98,1,3: 1
98,1,4: 1
98,1,5: 1
98,1,6: 1
98,2,0: 1
98,2,1: 2
98,2,2: 2
98,2,3: 3
98,2,4: 3
98,2,5: 4
98,2,6: 4
98,3,0: 0
98,3,1: 1
98,3,2: 1
98,3,3: 3
98,3,4: 3
98,3,5: 5
98,3,6: 6
99,0,0: 1
99,0,1: 0
99,0,2: 0
99,0,3: 0
99,0,4: 0
99,0,5: 0
99,0,6: 0
99,1,0: 2
99,1,1: 1
99,1,2: 1
99,1,3: 1
99,1,4: 1
99,1,5: 1
99,1,6: 1
99,2,0: 1
99,2,1: 2
99,2,2: 2
99,2,3: 3
99,2,4: 3
99,2,5: 4
99,2,6: 4
99,3,0: 0
99,3,1: 1
99,3,2: 1
99,3,3: 3
99,3,4: 3
99,3,5: 5
99,3,6: 6
100,0,0: 1
100,0,1: 0
100,0,2: 0
100,0,3: 0
100,0,4: 0
100,0,5: 0
100,0,6: 0
100,1,0: 2
100,1,1: 1
100,1,2: 1
100,1,3: 1
100,1,4: 1
100,1,5: 1
100,1,6: 1
100,2,0: 1
100,2,1: 2
100,2,2: 2
100,2,3: 3
100,2,4: 3
100,2,5: 4
100,2,6: 4
100,3,0: 0
100,3,1: 1
100,3,2: 1
100,3,3: 3
100,3,4: 3
100,3,5: 5
100,3,6: 6
101,0,0: 1
101,0,1: 0
101,0,2: 0
101,0,3: 0
101,0,4: 0
101,0,5: 0
101,0,6: 0
101,1,0: 2
101,1,1: 1
101,1,2: 1
101,1,3: 1
101,1,4: 1
101,1,5: 1
101,1,6: 1
101,2,0: 1
101,2,1: 2
101,2,2: 2
101,2,3: 3
101,2,4: 3
101,2,5: 4
101,2,6: 4
101,3,0: 0
101,3,1: 1
101,3,2: 1
101,3,3: 3
101,3,4: 3
101,3,5: 5
101,3,6: 6
6
