1 0 0 0.5
2 0 0 1
3 0 0 1.5
4 0 0 2
5 0 0 2.5
6 0 0 3
7 0 0 3.5
8 0 0 4
9 0 0 4.5
10 0 0 5
11 0 0 5.5
12 0 0 6
13 0 0 6.5
14 0 0 7
15 0 0 7.5
16 0 0 8
17 0 0 8.5
18 0 0 9
19 0 0 9.5
20 0 0 10
21 0 0 10.5
22 0 0 11
23 0 0 11.5
24 0 0 12
25 0 0 12.5
26 0 0 13
27 0 0 13.5
28 0 0 14
29 0 0 14.5
30 0 0 15
31 0 0 15.5
32 0 0 16
33 0 0 16.5
34 0 0 17
35 0 0 17.5
36 0 0 18
37 0 0 18.5
38 0 0 19
39 0 0 19.5
40 0 0 20
41 0 0 20.5
42 0 0 21
43 0 0 21.5
44 0 0 22
45 0 0 22.5
46 0 0 23
47 0 0 23.5
48 0 0 24
49 0 3 24.5
50 1 2 24.8333
51 1 3 25.1667
52 1 2 25.5
53 1 1 25.8333
54 0 3 26.1667
55 0 2 26.5
56 0 1 26.8333
57 0 0 27.1667
58 0 0 27.6667
59 0 0 28.1667
60 0 0 28.6667
61 0 0 29.1667
62 0 0 29.6667
63 0 0 30.1667
64 0 0 30.6667
65 0 0 31.1667
66 0 0 31.6667
67 0 0 32.1667
68 0 0 32.6667
69 0 0 33.1667
70 0 0 33.6667
71 0 0 34.1667
72 0 0 34.6667
73 0 0 35.1667
74 0 0 35.6667
75 0 0 36.1667
76 0 0 36.6667
77 0 0 37.1667
78 0 0 37.6667
79 0 0 38.1667
80 0 0 38.6667
81 0 0 39.1667
82 0 0 39.6667
83 0 0 40.1667
84 0 0 40.6667
85 0 0 41.1667
86 0 0 41.6667
87 0 0 42.1667
88 0 0 42.6667
89 0 0 43.1667
90 0 0 43.6667
91 0 0 44.1667
92 0 0 44.6667
93 0 0 45.1667
94 0 0 45.6667
95 0 0 46.1667
96 0 0 46.6667
97 0 0 47.1667
98 0 0 47.6667
99 0 0 48.1667
100 0 0 48.6667
48.66666666666665719276
