<<<<<<< HEAD
3 0 2
0.10000000000
0.50000000000
1.00000000000
=======
100 50 100000
50 100 100
50 100 100
50 100 100
50 100 100
50 100 100
50 100 100
50 100 100
50 100 100
50 100 100
50 100 100
50 100 100
50 100 100
50 100 100
50 100 100
50 100 100
50 100 100
50 100 100
50 100 100
50 100 100
50 100 100
50 100 100
50 100 100
50 100 100
50 100 100
50 100 100
50 100 100
50 100 100
50 100 100
50 100 100
50 100 100
50 100 100
50 100 100
50 100 100
50 100 100
50 100 100
50 100 100
50 100 100
50 100 100
50 100 100
50 100 100
50 100 100
50 100 100
50 100 100
50 100 100
50 100 100
50 100 100
50 100 100
50 100 100
50 100 100
50 100 100
50 100 100
50 100 100
50 100 100
50 100 100
50 100 100
50 100 100
50 100 100
50 100 100
50 100 100
50 100 100
50 100 100
50 100 100
50 100 100
50 100 100
50 100 100
50 100 100
50 100 100
50 100 100
50 100 100
50 100 100
50 100 100
50 100 100
50 100 100
50 100 100
50 100 100
50 100 100
50 100 100
50 100 100
50 100 100
50 100 100
50 100 100
50 100 100
50 100 100
50 100 100
50 100 100
50 100 100
50 100 100
50 100 100
50 100 100
50 100 100
50 100 100
50 100 100
50 100 100
50 100 100
50 100 100
50 100 100
50 100 100
50 100 100
50 100 100
50 100 100
>>>>>>> 3d537af6c6d6d0e6fecbb17c7d1aa89a0ea36d59
