0.00000000000000000000 2.00000000000000000000 1.00000000000000000000
0.00000000000000000000 1.00000000000000000000 0.50000000000000000000
a 0.50000000000000000000 1.00000000000000000000 1
0.00000000000000000000 0.50000000000000000000 0.25000000000000000000
k 0.25000000000000000000 0.50000000000000000000 0.37500000000000000000 0
k 0.00000000000000000000 0.25000000000000000000 0.12500000000000000000 0
d 0.00000000000000000000 0.50000000000000000000 0.00000000000000000000
d 0.00000000000000000000 1.00000000000000000000 0.90000000000000002220
1.00000000000000000000 2.00000000000000000000 1.50000000000000000000
a 1.00000000000000000000 1.50000000000000000000 1
1.50000000000000000000 2.00000000000000000000 1.75000000000000000000
k 1.50000000000000000000 1.75000000000000000000 1.62500000000000000000 0
k 1.75000000000000000000 2.00000000000000000000 1.87500000000000000000 0
c 1.50000000000000000000 2.00000000000000000000 0.00000000000000000000
c 1.00000000000000000000 2.00000000000000000000 0.90000000000000002220
c 0.00000000000000000000 2.00000000000000000000 0.90000000000000002220
0.90000000000000002220
