99999999999812
10 1225335849586849 12899999999999783
9 39846573767 12899999999999876
10 39846573767 12899999999999876
10 1155550639243 12899999999999847
10 33510968538047 12899999999999818
10 971818087603363 12899999999999789
9 916471196641 12899999999999853
10 916471196641 12899999999999853
10 26577664702589 12899999999999824
10 770752276375081 12899999999999795
9 21078837522743 12899999999999830
10 21078837522743 12899999999999830
10 611286288159547 12899999999999801
9 484813263023089 12899999999999