13
1 2 22 22 7 15 15 21 3 21 12 20 14
10
10 18
6 11
5 16
7 8
6 11
5 9
4 20
3 15
7 22
6 2
9
1 14 20 4 13 6 22 16 23
88
1 13
2 21
86 22
73 3
19 16
74 9
92 9
65 1
82 17
73 23
1 22
54 15
38 1
88 14
22 22
92 23
26 12
51 8
49 1
50 8
63 2
88 8
85 20
57 14
50 16
60 17
20 22
74 12
81 18
12 18
38 1
76 10
67 11
72 18
22 18
6 18
64 15
85 15
76 9
65 2
39 21
30 17
55 12
16 22
77 4
94 9
87 10
98 4
26 23
45 4
69 2
32 10
94 19
92 19
91 14
42 23
18 7
15 19
40 10
80 11
3 18
28 22
69 11
8 14
47 7
63 3
5 4
62 18
77 17
90 4
1 14
47 21
33 23
32 17
52 18
67 14
83 3
15 20
55 14
43 6
66 2
76 1
55 12
82 21
79 19
69 20
14 13
34 23
6
1 12 4 13 10 5
63
75 5
100 11
70 12
84 5
8 16
46 10
57 12
87 22
72 11
72 1
49 8
71 6
78 2
25 4
54 16
50 12
98 4
72 7
31 15
73 6
18 23
59 2
35 13
91 1
5 4
74 21
51 1
77 14
81 2
48 1
37 23
58 6
82 21
98 15
58 20
15 7
73 6
12 8
56 3
18 17
41 11
64 16
16 13
78 11
37 20
82 4
46 16
99 8
86 19
17 10
56 6
12 16
68 15
90 22
26 6
64 8
4 23
20 19
62 8
89 17
9 22
45 22
69 23
3
1 23 7
34
17 21
9 19
48 22
41 15
79 23
47 15
41 2
52 6
99 2
10 17
67 6
64 13
37 12
18 5
91 2
75 23
89 5
62 11
82 23
80 19
18 22
68 10
65 9
44 9
75 5
25 17
43 4
76 1
23 1
52 18
87 19
75 13
70 23
61 13
5
1 9 21 14 2
71
26 15
28 4
28 12
46 20
7 11
88 14
34 1
22 1
73 1
39 9
74 15
14 12
2 16
95 3
2 14
62 15
84 3
11 1
79 8
66 18
95 7
76 21
6 17
26 13
8 3
25 21
10 15
14 7
83 4
45 20
21 3
80 19
44 22
92 14
70 4
77 11
50 22
18 2
54 3
28 19
56 16
82 6
59 18
75 8
38 14
56 12
51 14
79 18
55 13
92 22
76 14
40 22
21 9
25 1
17 5
31 16
46 22
31 11
60 16
97 14
37 5
84 7
70 22
9 1
77 11
81 14
99 8
80 2
59 3
29 6
15 14
21
1 16 15 10 21 13 11 6 14 13 11 9 20 19 9 3 6 5 4 21 22
10
76 19
86 19
42 23
71 5
33 3
72 23
79 21
4 14
92 5
46 19
3
1 1 21
80
68 15
6 20
61 9
23 3
2 6
44 13
100 1
31 19
77 8
63 11
26 7
65 7
62 19
25 1
95 12
62 7
65 6
19 14
1 4
87 4
48 23
13 1
96 13
47 9
40 9
49 21
83 12
55 13
4 18
60 7
11 5
11 11
76 4
68 13
32 11
58 13
75 13
66 2
5 8
9 9
58 3
36 18
92 3
84 23
45 19
82 6
73 17
72 15
46 12
34 19
9 15
20 21
7 12
87 5
16 22
64 6
87 10
14 10
91 3
46 18
52 22
45 8
12 8
69 7
67 7
81 13
36 9
15 4
75 15
49 19
13 14
74 5
2 21
88 19
30 5
67 18
39 11
40 16
18 11
14 18
3
1 14 12
14
10 4
8 1
57 20
55 5
53 18
1 7
37 11
48 16
62 15
72 21
60 22
87 1
98 3
19 19
20
1 17 18 18 13 19 8 11 9 1 3 7 5 7 15 3 2 14 14 19
20
42 1
10 8
78 13
32 19
84 5
97 11
30 18
55 7
93 12
15 12
4 8
58 19
55 13
70 13
70 12
65 13
80 9
92 21
32 14
44 7
8
1 15 12 8 5 11 8 16
24
26 6
47 20
17 5
20 16
83 7
46 20
77 8
4 2
50 2
52 12
86 3
75 13
8 4
24 17
83 20
86 14
21 20
79 10
67 21
53 9
79 10
91 4
6 22
6 13
7
1 17 20 19 16 17 16
67
6 7
29 3
2 9
14 22
75 1
59 16
46 18
14 22
46 2
87 6
3 7
91 22
86 21
71 21
50 23
95 7
43 15
66 19
100 8
18 8
28 3
5 3
98 22
52 2
65 16
92 3
8 16
93 5
5 15
21 8
45 13
70 6
96 12
46 23
58 15
39 17
68 5
45 9
5 14
56 19
86 16
90 21
100 20
89 23
16 22
9 23
63 9
71 20
39 21
86 6
90 11
44 6
83 17
24 22
16 2
69 21
38 11
76 12
19 2
52 7
11 2
12 13
49 7
65 23
52 1
90 19
29 16
4
1 21 11 20
68
31 18
54 17
43 4
8 10
46 21
52 16
40 11
67 9
50 12
74 13
25 9
74 11
77 19
35 16
69 1
89 14
98 11
14 23
49 5
79 10
73 6
86 7
91 23
51 6
27 16
61 1
38 4
35 4
60 23
2 2
48 3
81 4
63 15
6 22
77 6
4 7
54 13
46 1
36 19
49 11
22 14
73 2
52 1
98 21
43 1
6 18
86 19
48 22
30 5
76 3
88 6
76 4
42 17
76 10
22 15
56 7
4 4
42 11
3 4
24 13
54 18
69 5
93 2
53 11
97 7
78 6
66 21
54 12
6
1 9 1 23 20 1
3
52 12
63 15
86 19
10
1 23 1 1 1 1 1 1 1 1
20
1 1
2 23
12 1
13 1
14 1
15 1
16 1
17 1
18 1
19 1
23 1
24 1
25 1
26 1
27 1
28 1
29 1
30 1
31 1
32 23
5
1 1 1 1 1
30
1 3
2 4
3 5
4 19
5 18
6 9
7 2
8 1
9 23
10 11
20 15
21 13
22 20
23 8
24 7
24 15
26 3
27 2
28 18
29 16
30 11
11 8
12 4
13 9
14 10
15 13
16 17
17 18
17 11
18 3
7
1 20 14 2 3 18 9
57
6 16
34 14
84 23
71 15
93 9
5 2
47 10
33 22
22 12
72 23
61 4
86 23
55 9
72 8
47 1
8 20
97 10
7 5
14 1
2 8
87 19
72 22
52 18
21 18
29 1
2 2
100 15
73 7
92 11
46 14
77 14
81 16
94 2
45 16
69 10
39 1
89 18
45 5
100 3
49 17
9 13
86 13
6 15
15 17
20 20
53 8
78 23
54 18
91 9
8 13
57 1
32 1
36 9
15 1
93 11
9 5
30 14
18
1 4 8 7 9 23 13 12 14 5 19 23 11 14 15 21 23 22
45
56 5
41 1
50 15
25 16
12 20
98 19
5 10
21 14
32 20
16 12
4 7
62 23
1 18
27 10
32 3
77 10
84 3
34 21
67 2
95 5
50 6
62 3
70 4
24 17
4 1
68 8
12 23
32 20
57 20
46 16
17 3
33 10
6 13
2 10
97 17
5 9
1 23
17 8
32 10
80 3
50 18
20 12
96 20
73 4
17 22
9
1 14 5 17 15 10 2 14 3
28
22 4
12 10
96 17
29 14
78 13
60 16
93 11
43 9
65 13
30 15
53 11
88 22
43 9
64 9
2 20
38 1
54 9
98 12
88 15
87 17
18 10
90 22
30 14
55 21
72 11
77 11
74 17
11 5
2
1 4
36
42 19
62 14
36 1
73 20
38 15
71 15
6 8
7 13
46 17
49 16
90 20
31 6
63 5
78 1
13 1
50 5
26 17
34 8
76 10
84 19
66 9
56 18
95 2
79 23
89 23
52 14
41 9
25 16
64 7
89 3
7 15
91 14
23 2
1 17
29 4
61 6
16
1 17 5 9 11 17 15 3 12 14 13 14 15 22 7 19
15
72 1
61 11
27 10
73 11
42 15
3 1
61 20
20 2
65 7
50 8
25 15
57 18
3 12
42 5
86 10
7
1 12 21 3 6 14 20
98
70 20
87 18
39 10
55 10
48 22
93 6
49 11
62 17
94 22
14 23
30 1
71 10
75 20
7 14
53 23
36 10
31 22
5 14
99 10
23 13
23 11
15 3
90 18
4 8
65 13
17 15
42 13
97 5
53 14
7 22
93 18
25 8
76 2
75 13
87 20
39 16
99 5
6 12
21 19
20 10
27 5
8 2
26 9
26 12
82 6
81 20
22 6
67 11
38 12
83 1
85 20
16 18
94 13
16 22
80 14
69 12
76 20
62 1
62 9
36 14
40 18
25 6
69 21
8 8
96 7
41 7
24 6
17 2
27 15
95 7
36 17
96 10
33 22
12 1
41 4
79 7
68 18
1 11
68 17
3 5
10 21
81 2
76 19
50 13
16 13
58 3
36 4
72 13
19 12
41 20
67 23
36 22
74 4
14 12
30 22
93 15
76 9
47 13
10
1 14 13 8 6 13 14 16 14 23
42
81 8
25 22
67 16
72 13
11 3
16 8
73 5
16 23
99 4
51 22
45 2
92 20
51 20
56 19
54 12
92 1
33 22
13 22
53 9
44 9
61 20
67 17
36 20
35 11
10 4
74 10
39 11
58 9
9 12
88 13
75 18
81 12
87 20
57 17
51 5
14 10
30 11
11 22
58 16
27 22
59 3
46 15
0