1

-1

1234
1
1234
3
1234
5
1234
7
1234
9
1234
1234
1234
1234
1234
-1
-1
-1
-1
-1
12345
1
12345
3
12345
5
12345
7
12345
9
12345
12345
12345
12345
12345
-1
-1
-1
-1
-1


660488900
-1
-1

787539890
961712606

-1

549055121
472807370
-1


647646425
647646425
86527807

-1
-1
221954163

-1

-1
-1

5000
-1
5004
-1
-1
-1
-1
-1
-1
-1
2907
-1
-1
2305
-1
-1
-1
-1
-1
-1
387
-1
-1
-1
-1
-1
339
-1
-1
1837
-1
-1
-1
-1
-1
-1
-1
1843
55
-1
-1
-1
-1
-1
5088
-1
-1
-1
2741
-1
-1
-1
-1
313
1503
1945
5112
-1
5116
-1
-1
-1
-1
-1
5128
-1
675
-1
-1
-1
5140
-1
5144
-1
-1
2573
19
-1
1675
1729
-1
2183
695
-1
5168
-1
1907
-1
5176
2399
2457
-1
-1
1157
-1
-1
-1
-1
5196
-1
231
-1
-1
-1
-1
-1
-1
1051
-1
-1
-1
-1
-1
201
-1
289
5232
239
5236
-1
-1
-1
-1
2513
5248
-1
1429
-1
-1
-1
5260
1351
5264
-1
5268
-1
5272
-1
-1
-1
1223
-1
-1
-1
5288
-1
5292
1713
-1
-1
5300
-1
-1
-1
-1
-1
5312
-1
-1
1219
-1
-1
5324
-1
-1
411
-1
-1
-1
-1
5340
-1
1111
-1
-1
-1
1347
-1
-1
2179
-1
-1
-1
2487
-1
-1
5372
-1
-1
-1
-1
-1
-1
-1
-1
-1
5392
-1
-1
97
-1
1397
-1
-1
-1
-1
2713
-1
-1
-1
5420
-1
5424
-1
-1
-1
-1
1045
-1
-1
-1
-1
5444
637
-1
-1
-1
-1
-1
-1
-1
-1
595
-1
-1
195
5472
-1
5476
-1
127
-1
5484
-1
-1
1067
-1
297
-1
-1
5500
1903
-1
-1
5508
-1
-1
-1
-1
-1
-1
1909
5524
-1
5528
-1
-1
1431
-1
-1
693
-1
-1
-1
-1
-1
1307
-1
5556
61
-1
2463
-1
1865
983
-1
-1
-1
1625
-1
3013
-1
2941
-1
5588
-1
-1
-1
5596
-1
-1
-1
5604
-1
-1
-1
-1
-1
5616
-1
5620
2965
-1
2739
5628
-1
-1
2063
5636
-1
-1
-1
2763
-1
-1
-1
-1
-1
1957
-1
-1
-1
-1
-1
-1
-1
-1
-1
-1
-1
5680
-1
-1
-1
5688
2351
-1
-1
5696
-1
-1
-1
-1
-1
-1
-1
-1
-1
345
-1
5720
-1
5724
-1
-1
-1
-1
-1
5736
-1
1653
-1
-1
2685
-1
-1
-1
-1
-1
-1
-1
-1
-1
2181
-1
-1
-1
3195
-1
-1
-1
-1
5784
-1
-1
655
5792
-1
-1
-1
-1
-1
5804
3195
5808
-1
-1
3123
5816
-1
-1
-1
-1
-1
-1
-1
5832
-1
5836
-1
-1
-1
-1
227
-1
2719
-1
-1
-1
1465
397
-1
-1
-1
-1
-1
5872
-1
1837
-1
5880
-1
3201
-1
-1
-1
1941
-1
5896
2601
-1
-1
5904
-1
-1
-1
-1
-1
-1
-1
5920
-1
-1
2155
943
-1
-1
-1
-1
3065
5940
-1
2797
-1
5948
-1
5952
-1
-1
397
5960
-1
3191
-1
5968
-1
5972
-1
-1
-1
-1
-1
1639
-1
397
851
-1
-1
3165
-1
-1
-1
1325
2135
1577
-1
-1
-1
2957
-1
-1
-1
6024
-1
2739
-1
6032
3219
-1
-1
3175
-1
6044
-1
-1
-1
763
1399
-1
-1
6060
1199
2357
-1
-1
-1
6072
-1
1919
-1
-1
2677
-1
-1
-1
2839
-1
-1
109
1345
2017
-1
-1
-1
-1
309
-1
-1
-1
2775
-1
-1
-1
-1
1241
-1
-1
-1
6136
2473
-1
-1
-1
-1
-1
-1
6152
2457
-1
-1
-1
-1
-1
-1
333
-1
101
419
-1
3325
-1
-1
-1
691
-1
-1
-1
-1
3175
-1
1787
-1
6204
-1
1505
-1
-1
-1
-1
-1
-1
-1
-1
-1
793
-1
-1
2383
1217
2601
1953
-1
6244
-1
2101
-1
6252
285
-1
2227
2843
-1
-1
-1
-1
-1
1425
937
1661
-1
1371
-1
-1
491
6288
-1
6292
-1
-1
-1
321
-1
6304
-1
-1
-1
3121
-1
6316
-1
6320
-1
6324
2615
-1
-1
-1
-1
245
-1
6340
-1
-1
-1
6348
1875
-1
-1
-1
3077
-1
-1
6364
-1
6368
-1
-1
-1
2243
-1
-1
-1
6384
-1
6388
-1
1971
-1
6396
-1
-1
-1
-1
-1
6408
-1
-1
-1
6416
-1
1853
1219
6424
-1
2739
-1
1965
-1
-1
2807
-1
-1
-1
2193
-1
-1
199
-1
2091
-1
-1
-1
-1
-1
-1
1825
-1
-1
-1
891
1749
-1
-1
-1
-1
-1
6492
207
-1
-1
-1
-1
-1
-1
2583
1709
-1
-1
6516
-1
-1
-1
6524
1753
1331
-1
-1
-1
6536
-1
799
-1
1493
-1
-1
-1
-1
-1
-1
-1
-1
-1
2915
-1
-1
-1
2823
-1
6576
-1
2919
883
2325
-1
525
-1
6592
-1
-1
-1
-1
-1
-1
-1
-1
-1
-1
-1
-1
733
2761
2617
-1
-1
207
-1
441
-1
-1
2165
6640
-1
6644
-1
1801
627
221
-1
-1
323
581
-1
-1
575
6668
1317
1105
2541
-1
-1
-1
-1
6684
-1
6688
-1
6692
1
-1
-1
6700
-1
-1
-1
-1
-1
-1
69
-1
-1
-1
-1
6724
-1
217
-1
-1
-1
6736
-1
-1
-1
-1
2515
3089
179
-1
-1
6756
-1
3031
-1
-1
395
6768
1503
6772
-1
6776
-1
-1
-1
-1
-1
6788
-1
6792
-1
6796
-1
-1
2183
6804
-1
6808
-1
-1
-1
-1
-1
-1
3165
-1
1037
6828
-1
-1
-1
2385
-1
-1
-1
-1
-1
-1
-1
6852
-1
6856
1675
2151
-1
2035
-1
6868
1631
-1
-1
-1
-1
599
-1
-1
655
-1
-1
-1
-1
-1
-1
6900
-1
6904
-1
543
-1
6912
-1
1253
-1
-1
-1
1031
-1
-1
705
6932
-1
-1
-1
-1
-1
2129
-1
6948
2737
2299
-1
3201
-1
-1
-1
-1
-1
6968
-1
-1
-1
-1
-1
-1
-1
783
2049
-1
-1
-1
-1
6996
-1
-1
213
-1
-1
-1
-1
-1
2825
-1
-1
-1
-1
-1
529
-1
-1
-1
-1
7036
-1
2341
-1
49
-1
-1
-1
1459
-1
7056
-1
-1
199
7064
-1
-1
-1
-1
-1
-1
-1
321
-1
-1
-1
-1
1193
7092
-1
7096
-1
-1
-1
-1
-1
7108
-1
-1
1027
7116
-1
-1
-1
7124
-1
7128
-1
-1
-1
789
-1
1939
-1
-1
-1
1291
1313
7152
-1
2911
-1
1319
-1
-1
-1
-1
-1
-1
-1
-1
-1
7180
-1
-1
-1
-1
-1
7192
-1
-1
-1
-1
-1
347
-1
-1
-1
2317
-1
2937
-1
7220
3055
7224
-1
-1
-1
-1
2427
7236
927
2781
-1
-1
1175
-1
-1
7252
2441
7256
-1
7260
-1
-1
-1
-1
-1
7272
-1
771
-1
7280
2999
-1
-1
27
-1
-1
-1
7296
1889
7300
-1
-1
-1
919
1199
-1
-1
-1
-1
-1
-1
7324
-1
-1
-1
-1
-1
-1
-1
2071
-1
-1
-1
-1
1433
-1
-1
-1
-1
-1
291
55
-1
1019
-1
7372
-1
2233
2227
-1
-1
-1
-1
3253
-1
-1
-1
7396
-1
2361
-1
-1
-1
-1
-1
-1
-1
1265
-1
-1
-1
-1
-1
-1
-1
-1
-1
-1
-1
-1
-1
-1
-1
-1
-1
-1
-1
-1
-1
7460
-1
7464
3087
-1
-1
7472
-1
-1
-1
7480
-1
-1
-1
-1
-1
261
-1
2669
3057
-1
1909
7504
-1
-1
-1
-1
-1
-1
177
-1
-1
-1
-1
2823
2055
7532
-1
-1
-1
7540
-1
7544
-1
7548
-1
7552
-1
-1
-1
1731
-1
-1
-1
2323
-1
-1
-1
-1
-1
-1
-1
7584
-1
2291
-1
-1
-1
7596
-1
-1
-1
-1
-1
-1
2081
-1
-1
3069
-1
7620
-1
1633
-1
2109
-1
-1
-1
-1
-1
1943
-1
-1
2975
7648
-1
-1
-1
1337
-1
-1
-1
7664
-1
-1
-1
-1
-1
-1
-1
-1
3255
2961
-1
-1
-1
-1
-1
1677
-1
-1
1207
2511
-1
-1
2933
137
-1
-1
-1
-1
-1
7724
-1
261
1921
-1
-1
-1
-1
-1
595
7744
-1
-1
-1
-1
-1
2449
-1
-1
-1
2139
-1
-1
-1
-1
-1
7776
-1
3271
1131
7784
-1
-1
-1
-1
-1
1081
931
-1
-1
311
-1
-1
-1
-1
3311
-1
-1
-1
2031
-1
-1
2041
-1
7832
-1
-1
-1
-1
-1
3207
-1
7848
-1
87
-1
-1
1011
7860
-1
-1
-1
3303
-1
3039
-1
7876
1829
-1
829
-1
-1
7888
-1
-1
-1
-1
-1
7900
-1
-1
-1
-1
-1
2923
1367
-1
1255
-1
2119
-1
2989
-1
-1
7932
-1
7936
-1
2865
-1
7944
1285
121
-1
7952
-1
1657
-1
7960
209
-1
1469
-1
-1
-1
887
7976
-1
-1
3177
-1
-1
7988
-1
3233
-1
403
-1
-1
-1
-1
-1
8008
-1
2895
-1
289
-1
8020
-1
-1
-1
-1
-1
1207
-1
-1
-1
8040
2777
-1
-1
-1
-1
1351
-1
-1
2289
8060
-1
-1
-1
3043
1605
3245
-1
8076
-1
8080
-1
8084
-1
1139
2011
-1
-1
1043
-1
-1
3063
-1
-1
843
-1
-1
-1
8116
-1
-1
-1
-1
-1
-1
-1
-1
-1
-1
-1
8140
-1
-1
-1
-1
-1
8152
-1
-1
-1
-1
-1
8164
-1
-1
1071
-1
-1
-1
-1
-1
-1
-1
-1
8188
-1
121
-1
-1
-1
8200
-1
-1
-1
8208
-1
1387
-1
8216
-1
2973
-1
-1
-1
1729
3087
-1
-1
8236
-1
-1
-1
-1
-1
-1
-1
8252
-1
1849
-1
1753
-1
-1
-1
-1
-1
2961
-1
8276
-1
2957
243
1103
-1
-1
-1
1805
-1
8296
-1
-1
-1
-1
-1
-1
-1
3149
-1
8316
-1
2937
-1
569
3271
2725
2425
8332
-1
-1
-1
8340
-1
-1
-1
-1
1117
-1
-1
-1
-1
8360
349
2273
2481
8368
-1
1169
-1
-1
-1
-1
919
-1
-1
-1
-1
3031
-1
-1
-1
-1
-1
-1
-1
-1
-1
8412
827
8416
-1
1639
815
1429
-1
-1
1255
-1
-1
8436
-1
-1
-1
-1
2873
-1
-1
-1
-1
8456
3089
-1
-1
-1
-1
-1
-1
-1
-1
3181
-1
-1
-1
957
-1
8488
-1
-1
-1
8496
-1
-1
2639
8504
-1
-1
-1
8512
-1
3083
-1
-1
2165
-1
-1
8528
699
-1
-1
-1
-1
-1
-1
2333
-1
-1
1597
8552
-1
-1
-1
-1
-1
3191
2035
8568
-1
-1
-1
8576
-1
-1
-1
8584
-1
-1
-1
-1
-1
-1
3105
-1
-1
-1
-1
8608
-1
-1
-1
-1
-1
-1
-1
1451
-1
-1
-1
8632
-1
-1
2315
8640
-1
-1
-1
8648
-1
-1
-1
-1
-1
295
-1
8664
2887
-1
-1
-1
-1
-1
-1
-1
-1
2699
-1
8688
3049
777
-1
8696
1149
8700
-1
2569
-1
8708
-1
8712
-1
-1
-1
-1
-1
-1
-1
-1
-1
-1
-1
1945
3107
-1
-1
8744
1005
8748
-1
8752
1623
-1
-1
2915
2809
-1
-1
8768
-1
-1
-1
-1
-1
3133
-1
-1
-1
8788
-1
-1
-1
359
-1
8800
785
-1
-1
2115
549
-1
-1
2905
-1
199
-1
8824
783
-1
-1
-1
-1
-1
-1
8840
-1
-1
-1
543
-1
2057
45
8856
-1
-1
-1
-1
-1
-1
357
8872
-1
8876
1923
8880
-1
8884
-1
-1
-1
491
-1
8896
-1
-1
-1
-1
-1
-1
2993
-1
2169
-1
-1
-1
-1
-1
-1
8928
-1
-1
-1
8936
-1
-1
-1
8944
-1
-1
997
-1
-1
-1
-1
2657
-1
8964
-1
-1
-1
3101
-1
1751
-1
-1
-1
19
409
-1
-1
8992
-1
375
-1
715
-1
-1
-1
9008
-1
-1
-1
9016
-1
9020
-1
641
-1
-1
-1
9032
-1
-1
-1
-1
-1
1179
-1
9048
-1
-1
-1
1295
1963
9060
-1
-1
-1
-1
1201
-1
-1
-1
-1
1307
-1
9084
-1
-1
-1
1203
-1
3203
-1
9100
-1
-1
-1
-1
-1
-1
-1
-1
-1
-1
-1
843
-1
-1
-1
-1
1003
-1
-1
9140
-1
-1
449
9148
257
-1
-1
-1
-1
-1
1879
-1
-1
9168
-1
-1
-1
9176
-1
-1
-1
2695
-1
791
-1
9192
-1
1079
-1
-1
-1
-1
-1
9208
-1
1615
-1
9216
-1
955
-1
-1
199
-1
-1
-1
-1
-1
-1
9240
-1
937
-1
1521
-1
-1
-1
9256
-1
1029
-1
-1
-1
9268
-1
9272
-1
9276
-1
9280
-1
293
-1
-1
-1
-1
1275
3309
-1
-1
-1
-1
2761
1683
1385
-1
3211
2897
-1
-1
321
9324
-1
9328
-1
-1
-1
-1
-1
9340
-1
-1
-1
9348
-1
9352
-1
9356
-1
9360
1713
9364
-1
-1
-1
-1
-1
9376
3119
3327
-1
3209
1643
-1
-1
9392
-1
2047
-1
3025
-1
-1
-1
849
-1
9412
-1
9416
-1
-1
313
-1
-1
1267
-1
1593
-1
-1
-1
3253
-1
-1
-1
-1
-1
-1
193
491
-1
-1
-1
-1
-1
-1
-1
-1
-1
9476
-1
9480
-1
9484
-1
-1
-1
-1
2347
-1
3133
-1
2909
-1
2037
-1
2911
9512
-1
155
-1
9520
-1
-1
-1
-1
-1
9532
-1
1525
-1
9540
-1
-1
-1
9548
1703
9552
-1
9556
-1
-1
-1
-1
-1
2675
-1
-1
-1
2257
-1
3233
-1
-1
-1
-1
-1
-1
-1
-1
-1
-1
-1
9604
-1
3219
-1
9612
2839
9616
-1
9620
-1
-1
-1
-1
-1
-1
-1
3285
-1
-1
-1
509
-1
-1
-1
9652
-1
9656
-1
-1
-1
9664
-1
-1
-1
1641
-1
9676
-1
9680
-1
9684
3107
9688
-1
2163
-1
-1
-1
9700
-1
9704
2949
-1
-1
-1
-1
9716
1301
-1
2047
-1
-1
2951
595
9732
111
9736
-1
9740
-1
-1
-1
-1
-1
-1
-1
-1
733
-1
-1
-1
485
9768
499
405
-1
9776
-1
-1
555
9784
-1
9788
-1
-1
-1
593
-1
-1
-1
-1
-1
-1
1155
-1
-1
-1
-1
-1
-1
-1
647
9828
-1
-1
-1
-1
-1
9840
-1
-1
-1
1409
-1
-1
-1
741
857
-1
1689
-1
-1
-1
-1
-1
-1
9876
-1
9880
-1
-1
-1
-1
-1
-1
-1
9896
3125
-1
-1
-1
-1
-1
-1
9912
-1
-1
-1
9920
-1
2655
-1
9928
2993
595
-1
-1
-1
-1
-1
-1
-1
9948
-1
-1
-1
9956
-1
1807
-1
-1
-1
-1
1135
-1
-1
-1
-1
-1
-1
9984
-1
-1
-1
-1
-1
-1
-1

-1
423186366
423186366
423186366
423186366
423186366
423186366
179154164
368607307
368607307
386687961
368607307
368607307
7904083
150127254
265857442
904681537
386687961
963034039
386687961
150127254
55208862
172502592
399419668
386687961
661059866
661059866
55208862
526048806
26019771
695292286
265857442
966454339
448864795
455149023
55208862
55208862
904681537
68441671
496109654
695292286
386687961
528522488
528522488
588933717
448884031
245827202
43835835
332651226
55208862
348413355
392919136
986805865
243225129
526048806
793598965
725162723
866513433
661059866
807819438
446151258
412402091
793598965
361161030
392919136
459319738
459319738
696403909
474544915
359056876
884225461
304259877
243225129
446151258
696403909
487109705
725659645
293546188
661059866
985720236
725162723
304259877
243693585
-1
695292286
612631675
448864795
382400348
197370942
647166046
528522488
456252488
243693585
661059866
649547149
456252488
236996883
474544915
108161146
601643290
359056876
-1
595432928
224846860
955807984
701643386
151719089
304259877
477315079
554062007
904201370
100187082
491920643
884225461
898318208
194164066
825749032
904201370
887927553
99803991
293546188
186745777
900011723
579565926
921584274
807819438
966454339
807614259
356302415
314626567
534587738
55208862
534587738
201129649
988784786
670705284
194164066
764954047
382400348
871925684
12467931
874963757
627643053
873617433
491920643
223901682
31192067
224929435
800613684
534587738
102662517
-1
900011723
587846964
845117847
595432928
448864795
250584122
670705284
257183630
174394013
383700094
456252488
250584122
37925223
657728401
873617433
197370942
644564528
588933717
647166046
706425878
845117847
772909567
207479201
108161146
220277207
955807984
395928238
923512557
558526678
956710353
763612030
207479201
108161146
526048806
379333799
57647206
687780751
764954047
884225461
526353597
504600136
108161146
526048806
31321638
299905054
16276577
601643290
793598965
99803991
522458012
422904473
873617433
268050742
845117847
400905549
695379039
438026650
791871909
988784786
411723720
661059866
807927852
313959775
687780751
641071529
695379039
37925223
268050742
686234238
725162723
504761624
416812631
701643386
919749789
526353597
677393929
720458836
314626567
379333799
174394013
448864795
983148651
743221860
612631675
696403909
138571687
874963757
802240089
526048806
314626567
449572494
496968095
12467931
379333799
854073012
953332241
874963757
807927852
448864795
379333799
605041856
873617433
44695009
685713808
254713595
201286854
947985662
791871909
311081424
963702964
340328964
236996883
353015088
884225461
385061777
363675362
311081424
159856321
37925223
862144861
416812631
534103280
124257726
43850438
83208147
677393929
82295435
963702964
127700309
686234238
776767996
83208147
627186868
385061777
964766740
597195144
44695009
313959775
187850563
538693052
743298630
988784786
776767996
311081424
842581711
313959775
85476118
115316825
250584122
683134709
696403909
100187082
265857442
340328964
31192067
265857442
644650128
63166538
601643290
504761624
706425878
512926800
226514539
37925223
793598965
522458012
616797529
601643290
392647577
779578013
124257726
379333799
462488597
919945755
395928238
257183630
912228789
933323361
102662517
174394013
385061777
814351455
482860105
138945953
590527511
793598965
102662517
83208147
421253718
506916480
226514539
588933717
340328964
379333799
268050742
184753577
482860105
83208147
588933717
538693052
127700309
854673305
670160496
738154919
533939490
574300545
695379039
988784786
526048806
382400348
588933717
820395869
508369732
873617433
340328964
288392145
222048567
94916398
247570514
268050742
763612030
385061777
31321638
852298670
414331081
677393929
108161146
627643053
103494829
900011723
395928238
102662517
414331081
108161146
86716794
836363206
854673305
933323361
31192067
224833541
379333799
382400348
31321638
783595134
151719089
382400348
151719089
38495912
178944019
395928238
588181642
930890508
201286854
686234238
743298630
544404266
661059866
474544915
156496849
677393929
44695009
644564528
474544915
448864795
133094222
117941783
707616241
306746822
44695009
791871909
340328964
871874571
469571302
752785125
256800340
300777479
138571687
353015088
381660347
573669707
83208147
562556010
638089362
677393929
635387487
222517384
165572009
786550776
366225223
661059866
862246160
904582129
448864795
151719089
600687475
791871909
340328964
108161146
396596314
222517384
373170588
222048567
884306430
53063240
573669707
362111041
251329015
671612829
630311156
882196417
353015088
512926800
178944019
985078132
743221860
392919136
896531267
379644573
257183630
923787438
898318208
896531267
865740091
743221860
837529406
881671219
37925223
644880737
659758654
884306430
933323361
644564528
574300545
519965166
573669707
919945755
75328984
189815873
245193626
257183630
950409246
763020295
340328964
98896014
353015088
726868206
950409246
744820278
743221860
506916480
31321638
643084509
57647206
83208147
898318208
83208147
650539272
83208147
504761624
83208147
189815873
520921658
815141262
506916480
256800340
644564528
703386172
85476118
968208029
474187695
107249236
422904473
873617433
622981641
158948627
108161146
351641304
151719089
950409246
873617433
746105762
108732793
479838161
86856089
728921424
345135645
519749743
867884469
707616241
53063240
474544915
224833541
699526186
174394013
891659771
968208029
224833541
45763837
138571687
530383717
644880737
57647206
869399675
930890508
642308315
768301264
396596314
777774818
44695009
837326498
854673305
339002300
783595134
245193626
737507765
57647206
344841570
849157002
933323361
699526186
916219004
650539272
746114259
189815873
469412649
189815873
750905376
224833541
763020295
574300545
474187695
869399675
504761624
101055725
699526186
627186868
339002300
642308315
11097629
41440329
243707202
339002300
31321638
810813736
681971848
562556010
679713738
295300145
773003786
677393929
627186868
774557550
256800340
339002300
115316825
882196417
268050742
250584122
711842202
-1
36515170
704557646
810813736
57647206
793661006
519757424
504761624
101055725
250584122
382400348
151719089
5457170
487241947
98896014
98896014
272355632
543629218
677736527
773003786
737507765
226514539
650539272
485730357
737507765
679713738
800988265
959989004
642308315
837529406
22487112
976804203
272355632
173138958
950409246
117504587
882196417
707616241
777774818
406036161
718321317
681971848
542472026
65411221
226195614
339002300
474544915
728921424
718321317
495411615
251329015
452532376
233175201
783595134
210616342
650539272
224833541
802075097
882196417
644650128
707616241
55625472
456749582
479838161
257183630
677736527
382400348
560224275
17780478
560224275
133094222
185275375
793661006
13385886
723130683
410542125
44695009
876862234
805426080
117504587
382751233
272718442
138571687
124257726
374377961
382400348
119129839
226337312
122409839
339002300
43850438
414331081
869399675
530383717
750905376
5457170
617886497
382400348
520921658
226195614
823365071
791703794
127700309
949172927
711842202
793661006
530383717
27358095
699526186
257183630
117504587
173138958
5457170
831974562
501111336
37969598
227941484
793661006
520561078
737507765
103667911
501111336
474544915
351641304
152641536
726356642
699526186
644650128
869399675
992690017
777774818
781638300
500505379
185275375
600029731
796918898
138571687
227941484
17780478
815675437
614961255
184441763
197303991
99777885
63166538
456749582
17780478
904582129
111388383
562556010
257183630
134654430
45763837
562556010
770438502
622288919
362111041
588933717
777774818
849734106
793661006
43850438
428370512
159908788
17780478
456749582
52929867
282798215
916197596
573745965
272355632
904264727
642308315
115316825
117504587
44695009
115316825
201286854
783595134
499079689
849734106
869323208
661277757
685796235
560224275
950409246
746105762
58275727
251329015
810813736
412964711
853065401
752029203
800988265
652308230
86716794
644650128
647468158
750562730
44258267
991508831
152782629
860483648
226337312
45763837
975986792
973271886
226337312
323509174
296839160
103667911
469412649
472742455
916197596
452532376
224148602
511868618
11097629
916219004
224148602
5457170
662752080
600462086
707616241
351641304
701643386
152071238
707080559
119768280
800988265
362111041
701643386
707616241
662752080
213986739
763020295
815141262
47549724
326831032
83865303
766194510
588933717
499079689
117504587
47966276
224833541
52722307
813901049
52929867
45763837
185275375
642308315
5457170
52722307
647468158
182526124
718321317
823365071
273387084
47549724
815675437
520561078
191608038
912006486
791703794
406036161
17780478
815675437
797246099
272355632
464238707
44695009
590318229
325636025
499079689
703677907
560224275
936015362
374377961
591071042
912006486
534170275
272718442
152782629
707616241
484678677
837529406
421253718
217209314
5457170
394415563
133418142
873950015
156496849
598609561
838728635
750562730
44695009
133418142
540648939
109400599
572922525
147258638
44695009
704557646
715027129
197303991
226337312
768855770
850011184
256800340
323509174
855107431
5457170
686356664
661277757
644650128
661804786
881033439
992690017
44258267
813901049
520561078
153599408
520561078
227941484
686356664
365697803
273387084
360973826
65594232
357935913
633854602
864611155
152782629
383535333
662752080
588933717
853065401
540648939
296839160
227941484
849157002
45763837
793661006
638894794
707080559
226337312
214888671
290830286
768855770
197303991
540648939
813901049
296839160
52929867
479838161
766194510
746105762
152782629
718321317
43850438
768855770
707616241
185275375
770438502
44695009
936634747
902155044
241393076
750905376
577349447
230638466
973811632
731158206
456749582
433392866
590318229
96808650
511868618
837529406
256800340
768925551
860483648
122409839
777774818
786538821
256800340
54278668
58275727
930905047
560224275
422093133
397874358
1467517
300254871
290809498
777464789
472742455
463867558
422584040
365697803
64334746
156985826
224833541
871107641
240523014
149539324
436443211
266662668
251329015
9449916
1467517
768855770
227941484
562120415
853065401
813901049
256800340
853065401
123600621
230638466
766194510
745359444
173090727
464238707
272355632
64334746
133418142
436443211
680989036
638339603
361963204
59827219
750905376
241393076
950409246
983402458
560224275
644650128
793661006
774958333
975836537
837529406
188595313
793661006
598609561
766194510
587840298
629483605
17780478
1467517
1467517
722586486
644650128
438453532
860483648
296839160
155105625
880958559
13943099
815141262
159889912
17780478
814447162
428594271
745359444
535752606
966454455
555149854
828872601
469058160
156496849
44695009
68701495
93868568
804122157
726356642
185275375
750905376
572922525
745276315
837529406
456749582
383535333
746105762
768855770
560224275
133418142
680989036
661804786
837529406
880053527
383872337
85020060
272325022
256800340
983402458
474642545
1467517
214888671
326510207
323509174
760384427
256800340
760384427
529582197
250934424
576484776
133418142
502109054
309245974
769148540
810813736
950409246
43850438
288555446
94085570
1404433
844001612
137404467
560224275
822855096
152641863
950409246
912006486
361963204
606509254
429736248
137958305
152782629
701643386
686356664
576613450
82575316
294061256
337674032
94085570
880958559
44695009
570283872
273387084
572922525
152641863
1404433
102887217
606509254
798313762
629574410
259287063
337934580
530211985
822855096
959264259
933700341
376282679
1467517
995186621
155105625
410698416
975986792
825453150
463867558
102887217
961431153
950409246
36492077
1467517
699902594
435423905
838728635
961431153
608990932
570283872
65769592
899811354
144200082
361963204
261957910
328173067
507904673
128739810
961431153
326831032
101786110
279735995
797246099
310294775
310294775
123600621
472777904
936634747
20835017
929586481
506130149
659153720
737507765
315827573
326510207
279735995
659153720
294061256
9449916
194376786
877477476
94085570
912006486
590318229
506130149
527255515
766426979
912006486
421072058
43850438
770438502
686356664
633854602
855692848
964392151
385061777
995186621
352860715
472777904
726356642
768855770
153917604
472777904
117551447
350059783
574411133
912006486
198601863
804122157
565588844
337674032
661804786
828872601
152782629
554992362
53005792
472777904
912006486
715027129
877477476
812140175
439083621
93868568
93868568
15795674
590318229
95258183
43850438
294061256
950409246
337674032
815141262
562120415
273387084
929586481
526222075
57615689
153917604
52929867
760384427
153917604
789616591
3256267
279735995
273387084
152782629
58275727
3256267
259287063
844001612
981579929
121645204
506130149
853065401
554992362
273387084
659153720
526222075
273387084
421698166
294061256
92104611
671642326
255859937
577349447
319767393
31549551
133418142
716435826
172552261
127614204
147205580
434672103
337674032
608990932
113198877
766426979
309245974
576613450
562120415
868864512
821033027
365697803
309245974
901522172
394415563
44695009
560664548
661804786
127614204
768855770
873950015
93868568
273387084
629483605
255859937
147205580
361963204
855119182
109668190
554992362
577349447
368957967
240523014
335136704
733996826
682371358
13385886
111193386
560664548
65594232
722586486
319767393
172552261
554992362
94085570
880958559
730295187
371553355
214888671
547674588
272355632
622312207
661804786
309245974
838728635
600896035
172552261
250934424
224833541
570283872
769148540
371553355
434672103
686356664
519484207
583861687
530211985
912052499
117551447
399659573
110940467
790154413
316871602
44695009
554992362
323636570
439083621
562120415
314629209
194376786
57615689
913229693
901522172
29814473
211269571
380131123
230328456
626904110
261957910
152782629
117551447
172552261
9449916
389846086
635154383
52929867
360533731
172133730
224833541
954237852
85091981
811075258
822855096
480698276
766426979
605421270
389846086
29814473
897620708
371553355
484542902
592507929
961431153
581386493
822855096
188595313
192296209
117551447
230328456
369704241
-1
15795674
41458523
127210894
361461384
33384299
909611064
292329313
26686964
120486101
193008040
120486101
361963204
484508614
822855096
911259894
770438502
769148540
534170275
814069053
83865303
316871602
769148540
706221930
682371358
666071719
26686964
117551447
626904110
738018264
261957910
15795674
389846086
822855096
608990932
682078514
538772217
59165015
172095753
600896035
961431153
198241984
224833541
855119182
605421270
65769592
117551447
862287794
883023111
822855096
26515841
619257690
726356642
799673849
9449916
394415563
495707799
644650128
702563056
741233153
790154413
914872951
729447892
809274014
799673849
954329647
801103185
592507929
849764406
294126035
948822359
110940467
867605146
853065401
769148540
596016526
577349447
670879313
738018264
127210894
71827140
111193386
692887866
961431153
26686964
769592421
484542902
912052499
538772217
733996826
122558740
52086544
954329647
828872601
21721769
59165015
194376786
941163416
273237069
261957910
122558740
184433573
670879313
65769592
911259894
970495110
627020398
110940467
484542902
172095753
554992362
741233153
444732034
871255378
941163416
34814841
770438502
971304332
122558740
292329313
940183419
279735995
144200082
117551447
814069053
411944705
144200082
959292225
328814633
244456611
606117250
212554935
484542902
52086544
409814222
116459344
941163416
113396876
941163416
380131123
532667061
583256886
294061256
380131123
547674588
682371358
371553355
120486101
547674588
328814633
9449916
936271476
511056758
392909241
913132836
258005475
335306505
69167016
31549551
361963204
13943099
93844441
791421236
58275727
325121227
563182453
659272950
135006668
71827140
156340956
455630026
-1
511056758
186867303
995186621
357517607
75770296
298143112
822855096
514556266
800798480
575286071
918906393
455630026
69167016
766426979
867605146
775362399
64214810
766426979
511056758
438475729
407199057
113396876
244456611
59165015
936271476
93844441
799673849
172552261
212554935
806829301
682377051
229736199
120486101
324946568
261957910
825603432
577349447
117743841
335306505
577349447
353779972
119840507
840235824
438475729
801103185
960751199
353779972
993331874
614239928
292329313
102680012
308539136
58275727
981579929
492826342
800798480
48444280
648350648
925428652
353779972
771914029
304370402
434672103
911259894
544459127
241452695
862287794
122942170
261957910
9449916
86966402
840235824
330889153
487743743
468485832
319767393
118623540
480698276
995186621
692887866
832731327
581386493
412357059
981579929
244456611
120486101
722586486
692887866
506130149
319767393
623135635
912257034
102680012
626481551
702563056
629483605
913132836
402823318
83865303
230962977
361963204
715826401
686356664
273237069
799673849
564338610
468485832
961431153
844056093
335135298
484542902
293470634
770438502
353779972
538772217
644650128
99442502
871255378
791545200
32680620
120486101
159843804
34637121
961431153
918906393
517226307
956531824
101629113
354545016
575039920
981579929
906049227
382365567
294126035
859811385
608990932
119840507
58275727
62609025
506130149
71264780
328512268
619257690
484542902
455630026
378619869
975426875
806829301
304370402
480698276
728109054
438475729
99397912
102680012
93844441
832418805
582581515
135012155
354545016
770438502
457917512
974163610
627020398
412898089
304370402
980528359
840235824
751896697
244456611
110958303
26686964
98906206
439794787
498327350
238713071
961431153
577349447
273237069
411944705
137596375
588425826
623135635
918906393
304370402
173650006
913132836
422584040
551431310
225787980
181737101
858407353
248805150
181675219
343743405
554992362
682377051
858556816
40548788
259790588
434542703
-1
782604335
69167016
551431310
135006668
744615915
519484207
884059920
471945339
261957910
343743405
979832873
487743743
399184164
605421270
993068105
422584040
751896697
555664461
492826342
823871000
392703887
380131123
914908454
117743841
934113810
984684097
629483605
9449916
533042456
828172809
511056758
828172809
101629113
434542703
69167016
457917512
219196822
248805150
961431153
668469112
411944705
123441289
563604976
455630026
736246271
411944705
202495506
120428158
752804915
411944705
582568544
937597609
86966402
740224422
605421270
385837043
353779972
823871000
707785449
774693931
196246654
304025574
554992362
36305887
231779558
554992362
98906206
547674588
457917512
736246271
40548788
845794828
438475729
324946568
533042456
75770296
353779972
480698276
392703887
768473342
887767566
671045663
324946568
274272359
912257034
737659441
135110568
664355396
172095753
996251763
117551447
788193808
887767566
913132836
159289574
688155821
819060333
445686744
829282086
397452123
186417715
184433573
64214810
361963204
828872601
464462353
361963204
898395910
554780438
62609025
510320715
188595313
445686744
392703887
825904872
588370768
688172850
764729299
51837951
559520517
58275727
328512268
868685682
796272075
626904110
984684097
602500739
444923330
279735995
598416904
58275727
781031079
849764406
614239928
82097479
532938209
664559935
361963204
626481551
279735995
273237069
806829301
736246271
186417715
504785618
94859179
769592421
682832504
40548788
715826401
595626350
438475729
715826401
858407353
51837951
172150990
709394290
582568544
832731327
712825690
709394290
849764406
304025574
154961973
793617487
936271476
343743405
890826294
202495506
9682988
9682988
788193808
547674588
996251763
83865303
567274527
229460577
596016526
241963796
688172850
716435826
602500739
202495506
353779972
551431310
116983454
28803049
838930738
707785449
225787980
444923330
10713341
188595313
434542703
567274527
614239928
504785618
51837951
975750552
707785449
723414362
196246654
796272075
137483774
579109976
86966402
116459344
469726501
166236009
829282086
823393251
358101458
547674588
274884860
708025478
449505380
127009708
950433628
117551447
202495506
92283216
72187367
608455855
978111933
423494124
202495506
198213298
438475729
72187367
40548788
904220186
949460369
663016072
797262687
106932451
289228686
265236981
712825690
554992362
682371358
688172850
835889391
598416904
672163910
511056758
361963204
343743405
793617487
740339964
986910171
577349447
934113810
466829962
949460369
98906206
501861348
975750552
796272075
77360752
299807141
618799193
449505380
978111933
501861348
961431153
671045663
554994753
202495506
283940068
397452123
561205746
618799193
730295187
354545016
198213298
658540741
658695731
296729305
955896649
184353878
338267211
682371358
116459344
207430050
356772247
750004096
567831860
517226307
658540741
750004096
466829962
728840950
184433573
412898089
601852520
65240966
265986171
23996556
887767566
544295999
736455961
769592421
77360752
64214810
869288165
265236981
184353878
77360752
13647627
932735359
499638008
782652047
607577482
999633953
909438222
658695731
231779558
712825690
954648999
788193808
577349447
683856359
904220186
13647627
716645377
886179315
72187367
658540741
567831860
602500739
196246654
723414362
83865303
554992362
123973751
184433573
231779558
740339964
663016072
646752263
186417715
72187367
399712583
-1
152151077
659366122
23996556
663016072
752897274
890826294
887767566
600149365
68347126
730295187
975750552
598416904
773950935
319309519
663016072
996451426
361963204
361963204
577349447
344869934
196246654
449380730
886179315
601852520
13647627
607577482
361963204
567831860
13647627
547674588
319309519
784486035
40548788
521256912
265236981
198241984
590213100
285075158
554992362
998938672
698539611
68347126
637114929
959043348
869288165
890826294
618799193
698539611
618799193
793617487
723414362
601852520
932735359
159971928
496572
601852520
340577701
379165741
929507888
774120089
602500739
231779558
304983781
423052916
283940068
235908462
86966402
218804956
196246654
219196822
618799193
198213298
712825690
392703887
521256912
551431310
62821524
863650956
104964415
86966402
890826294
62609025
304025574
484618543
379165741
434542703
69167016
873032210
397452123
218804956
277221096
357736125
948280738
975750552
354391647
327014316
449380730
411944705
438475729
449380730
264167067
503805849
511042031
740339964
425600192
361963204
902374281
231415553
559164813
259291887
551431310
495135834
887767566
687908058
254449364
663016072
411944705
108831037
954648999
184433573
999633953
376606387
266782353
535131225
703038771
961431153
265236981
997436171
411944705
392703887
554992362
254449364
369084936
127009708
48444280
181737101
913132836
86966402
826928996
283940068
659366122
769592421
283940068
948280738
996451426
304983781
931585729
413214233
108831037
412898089
588425826
239799295
48444280
663016072
196246654
782652047
69167016
505953890
198213298
425600192
505953890
320114098
369084936
235908462
886179315
996451426
62609025
873032210
994242079
263009376
263009376
941507050
117411674
743094458
266906700
730917780
235908462
996451426
720795047
817100655
263009376
764998044
342181547
137596375
533042456
687908058
45031202
83865303
238252105
423376604
397452123
263009376
77879229
346652874
357736125
640262638
207337993
235908462
455114372
963097321
209579362
730917780
338415400
462745053
743094458
-1
931306898
994242079
471411247
998938672
520545740
247190044
559164813
807016892
263009376
117411674
328894684
873032210
659366122
265236981
663016072
841349983
782652047
826928996
877147667
304731804
462745053
298304936
843711685
752897274
304983781
712825690
567190894
658695731
343021187
985838247
338415400
659366122
266906700
876175623
341793132
449505380
263009376
413214233
304025574
551431310
533042456
231779558
957925546
266906700
605338634
950252622
567831860
948280738
235908462
115287794
137483774
505953890
551431310
423376604
413214233
730917780
771574538
238252105
771574538
218804956
502368475
730917780
445877116
567190894
10713341
877147667
304983781
957925546
640262638
730917780
235908462
897112745
503805849
236565071
931306898
777331417
948280738
134120248
521778731
115287794
931306898
743094458
667744056
894869147
740339964
781505019
712825690
769592421
247613693
341793132
768558156
442393231
520545740
647197242
517621220
559164813
559164813
712825690
278923611
897112745
972170361
886179315
757183879
752897274
520545740
682265072
225787980
757183879
520545740
558477467
886179315
225787980
567482735
489467726
730917780
843711685
736455961
361963204
913733245
622687107
505953890
886179315
913733245
782652047
392413246
392413246
298304936
411944705
730968657
-1
392413246
957925546
258645008
324983310
259291887
567831860
247613693
588425826
584233304
945290324
411838812
545737459
343169748
449505380
448514150
897765403
994242079
535131225
137483774
715826401
567831860
682265072
60607839
371228312
886179315
115287794
640262638
610801080
771574538
806616607
25956144
361963204
95857247
995135010
998938672
634488639
567482735
243711784
682265072
194045084
511056758
626737382
305656613
567482735
413214233
243711784
934003199
229999959
705496777
707269088
599695940
659491014
781505019
959043348
782652047
413214233
930585548
423376604
985838247
235908462
390213148
7327819
503805849
238252105
886179315
390213148
31820994
268986691
68340514
411838812
412898089
259291887
994242079
281492986
164207730
515912804
535131225
445877116
163330521
886179315
663016072
218804956
771574538
897765403
25956144
461227855
489467726
882496938
636339059
890826294
640815165
799019544
390521917
413214233
715153865
659582741
241963796
397452123
412898089
36503834
515912804
324983310
536562031
376715123
987079915
687908058
66641948
717236653
687908058
56454594
681964585
461227855
898855563
235908462
893692647
843711685
238252105
931585729
239799295
937597609
511056758
879930577
987079915
449505380
758969664
444177459
356801865
423494124
999497899
640262638
305656613
879930577
687908058
771574538
985838247
68340514
575831850
448514150
304983781
25956144
505124536
100992349
90617378
972170361
866833416
575831850
406080599
341793132
729344964
865012206
791549152
707269088
632079933
772077100
442393231
667744056
999497899
461227855
934003199
298304936
448514150
897765403
328894684
567831860
957925546
354545016
931830762
670145683
356801865
937597609
390521917
511056758
730917780
730917780
605542112
893692647
737691507
43987657
460598609
104964415
812900007
671290209
987079915
782652047
771574538
945290324
737691507
273318391
730917780
634488639
892739937
516901771
948280738
516901771
687908058
33839507
999633953
877367004
659582741
328894684
181737101
681964585
263009376
634488639
111536276
865984973
892739937
791549152
632079933
585786658
281492986
36503834
597437712
931585729
503805849
687908058
274272359
931585729
236565071
338453042
729154401
658609079
933671777
605542112
194045084
489467726
600522757
516901771
489467726
760190475
442393231
758969664
603402941
605542112
787429300
670145683
972170361
926521192
412898089
757183879
707269088
263009376
361963204
880097271
656404392
795983738
46125777
715153865
264419215
770641718
567831860
567190894
384810419
305656613
488067602
236565071
580562855
341793132
548738669
263009376
40063411
714742048
229999959
730968657
632079933
999633953
705496777
448514150
235908462
806214604
271108472
999497899
246187189
97367364
926521192
7327819
520545740
771574538
670145683
298304936
659582741
411838812
929752680
111536276
448514150
218804956
599120714
880097271
772077100
246187189
412898089
791549152
304983781
259941421
43987657
147344998
972170361
384942460
535131225
476238729
239799295
373147573
322415487
656980440
605542112
548738669
36503834
948280738
567831860
411838812
406080599
730968657
548738669
515240588
793565410
717236653
22037490
714742048
640262638
706276452
730968657
281492986
341793132
567831860
885598561
649551415
863650956
46739880
536562031
423376604
671290209
905973572
241963796
328894684
72244023
298304936
194045084
446138306
373147573
24793009
620538399
229460577
338453042
929752680
452449345
548738669
712945212
43385184
322415487
769995788
393750939
640262638
361963204
659582741
730917780
972170361
682265072
155677795
764729299
599695940
297827628
987079915
75604571
372705447
46739880
863650956
580298480
790844375
322415487
433529610
714742048
371689551
640815165
46739880
972170361
241963796
659582741
658609079
418658652
503805849
659582741
663016072
853269626
772077100
825606420
925754895
515240588
599695940
706276452
640262638
324983310
238252105
572529692
249432556
929752680
806214604
181737101
7327819
437915426
433529610
239799295
338453042
186479129
793565410
353356017
591990272
905973572
585786658
950463676
24793009
268346430
378151172
144020276
925754895
504004780
460598609
479673436
324640978
436500988
117112267
3719068
445877116
488067602
46739880
573201114
338453042
241475811
843711685
920525926
724559448
393750939
378151172
647117937
117112267
682265072
239799295
218804956
194045084
433529610
663016072
671290209
538968042
605542112
640262638
437915426
386473748
479673436
567190894
46125777
352180745
24793009
945290324
495972389
386473748
24793009
137451929
386473748
324640978
493546723
799576172
46739880
393750939
479673436
541907231
379059249
946182773
573201114
946182773
272363950
378187945
136807161
931585729
305656613
165963842
452449345
25956144
329958119
72244023
40063411
218769538
561240345
664697201
650040465
218804956
433529610
437915426
925754895
22037490
605542112
137451929
26957934
754962742
714742048
386473748
375262629
972799037
40063411
242452565
925754895
384942460
920648961
504004780
963116344
782132790
605542112
664697201
661771218
667805310
273819486
565852070
605542112
991423392
658609079
890826294
484618543
209580586
719270197
562694255
282932663
605542112
173471814
305656613
434980984
78332734
610588814
959931723
504004780
340016602
133571750
305656613
454069304
880025104
814834744
656979487
159735837
661771218
931301815
204098541
650040465
411838812
946182773
298304936
718933776
449161702
970818046
328894684
173709356
338453042
389376496
398181080
682265072
329958119
161745754
133571750
664697201
378151172
793565410
764729299
423591167
759683983
827151861
467133039
945290324
661771218
632079933
650040465
925754895
305656613
452449345
559921632
790573252
948816132
946929954
25956144
632079933
481209791
504004780
917595980
225787980
56039525
994530255
218804956
493546723
536562031
671290209
165103348
328894684
379059249
464806840
357085346
899779687
284460757
379059249
994530255
481209791
894967269
328894684
37796050
163329826
945290324
894967269
883008992
329958119
324640978
598817267
920648961
731227188
599695940
398181080
411838812
97945051
467133039
669629584
433529610
567190894
273819486
605542112
508146506
484618543
610588814
650040465
235477561
853269626
874612092
656979487
522354643
163329826
724559448
929752680
242856749
406080599
538844239
109507597
920648961
406080599
790573252
931301815
991423392
650040465
485641821
384942460
467133039
991423392
789412475
503805849
481209791
56039525
412898089
603026490
785235445
875008517
936149178
754962742
36503834
661333585
329958119
452119333
934542284
462187294
945290324
793565410
912709169
324640978
632079933
650040465
544254012
790956570
393314712
939839395
321902126
329958119
782740267
25956144
194045084
369593022
364983854
228441437
389376496
294607733
714742048
682265072
504004780
481209791
194045084
406867611
917888874
503805849
464806840
565554862
411838812
100033003
232943182
704493793
386473748
724559448
232943182
946182773
136944255
639683214
100033003
849851718
449161702
235908462
186479129
503805849
144020276
536562031
568128897
895534597
719239026
639683214
338453042
573201114
194045084
462187294
364983854
109507597
5666108
423918943
242452565
194045084
328894684
379059249
858204660
352180745
328894684
144020276
505507616
48179340
184573475
294607733
571754077
945290324
109507597
719239026
605542112
582589929
995152372
230585461
920648961
839860921
102550979
782132790
359305499
782740267
5666108
898970465
142663261
852365900
218804956
-1
8633322
165103348
179949527
350713981
308000748
235908462
790573252
142663261
24793009
242452565
222769439
667805310
171778821
567190894
434980984
944345860
279337235
572480601
843711685

29225744
834978416
29225744
742607325
398420137
-1
57568151
945844541

-1
130554118

-1
57752446
57752446
237959906
176053915
518131974
-1
552643566
237959906
57752446
518131974
-1
613330392
865149139
192580310
790137306
852913767
192580310
192580310

754646820
777281567
772105860
772105860
754646820
777281567
276026509
729058700
729058700
367401039
772105860
609552154

840844295
817709315
817709315
840844295
640104049

-1
451723229
327781937
563646875
708311108
186200060
771799639
451723229

179954568
668188732
800211873
274575317
278695581
26413476
278695581
807535479
668188732
274910721
665816708

464087284
247507785
501341242
456638183
456638183
383609503
339128449
174449809
155633696
887243532
775969416
463484743
405139349

-1
352492254
352492254
352492254
316036360
352492254
352492254
117645513
117645513
802421155
100155295
204362366
204362366

972173134
-1
216797012
525798168
834001464
118119635

-1
-1
564553486
564553486
758981423
851018177
564553486
851018177
851018177
314252737
851018177
724239586
851018177
519747535
615102808
518495900

425914557

32623582
32623582
168983529
797458934
42536074
89073750
737402202
435671354

-1
357750616
-1
227829738
152981994
171770832
171770832
662517834
171770832
938228813
-1
137123038
235218147
502194644
313251122
497646046
321087897
235218147

68570604
475300432
936403242
173253385
867289998
796431765
830122251
68570604

-1
-1
858053222
858053222
858053222
858053222
941260702
772134572
941260702
525936360
412202073
844399090
744556418
157163710
7220208
412202073
744556418

-1

705336804

247215678
-1
-1
190689499
537346176
537346176
908685262
160493062
537346176
190689499
651101938
340488067
432372317
86157788
86157788

960455616
-1
-1
895893646
440561023
186562235
902906499
902906499
48801917
470260870
48801917
67307754
67307754
453817040
902906499
178818595
178818595

477783336
522411469
485974766
906137730
984962309
477783336
984962309
477783336
477783336
358594176
984962309
358594176

876249333
876249333
589740900
589740900
876249333
589823887
284191626
589740900
876761566
322290853
876761566
407771834
876249333
322290853
284191626
934817190
470316288
578642582

585317497
268728446
435539896
175391975
175391975
-1
979465078
585317497
826438466
664364902
733438748
414024512
637197580
76027452
451610909
150772120

132718892
15384744
353334357
353334357
472352862
859628527
707278539

943891954
943891954
68094598
888263558
698047694
319700044
309325261
309325261
303330477
865249184
610790656
963386468
914189412
968714200
952723471
792783321
931646178

-1
-1
262625285
-1
549811856
56656159
149156614
149156614
532065456
328423096
85397036
510819504
-1
80922212
365309228
822267873

-1
903295392
24320332
254926683
903295392
835468901
109931610
970164094
342124472
970164094
666143494
583278538
93277161
903295392
129043690
918884440
903295392
24320332
24320332
903295392

-1
890262927
925011083
542639967
542639967
355563053
925011083
-1
542639967
635773303
542639967
925011083
317918489
574087680
-1
645725464
674852356
635773303
576256956
635773303
924682201
633911431
542639967
645725464
569852674

-1
452357592
486098780
-1
112030585

626172705
626172705
644063651
644063651
964182447
644063651
796967867
796967867
460442422
419334266

710021716
710021716
-1
309339182
41135314
937748176
227006573
214252531
889138859
214252531
803808015
489514796
677020223
813216192
489514796
344666859
95199660
646888712

409953805
409953805
542567881
409953805
664877065

-1

72896933
-1
723634439
723634439
976045244
943166539
723634439
871458689
220936172
743166256
976045244
220936172
838631837
198092724

-1
-1
-1
420332789
737589634
161913883
701530667
151610733
701530667
454887678
632111722
161913883
309384685
127694042
479116686
104691859

497003696
497003696
587009717
587009717
199004235
395406845
420425308
395406845
587009717
587009717
587009717
556879008
395406845
385372203
978928332
928362306
167571008
266814482

89494572
89494572
101157647
784030353
792079424
792079424
67646335
101157647
492527408
615344606
780203734
67646335
508498182
67646335
894055900
857055227
407204853
441355924
492527408
573360265
101157647
216454781
469497975
608426480
573360265
469497975
792079424

44941567
44941567
802809767
789044156

561132721
125972000

-1
858692768
698272512
428666884
428666884
428666884
726369460
516277892

299636176
520797244
520797244
810176860
520797244
299636176
810176860
31102554
444189814
520797244
753756707
-1
577364313
-1
-1

132872317
-1
707234578

270657738
270657738
270657738
270657738
312306064
544453003
544453003
315687958

624511794
412559653

-1
-1
406474670
406474670
406474670
406474670
846593186
101797682
101797682
617800485
846593186
343460894
343460894
636093634
636093634
998559379
283957995
370844462
742321059
506874786

-1
-1
212352106
212352106
337830760
703851619
337830760
820734953
212352106
367401957
337830760
526490384
232127788
526490384
253768770
432248356

730310692
736285985
264492277
852816867
777333117
264492277
730310692
730310692
264492277
-1
-1
777333117
736285985
453025172
566361893
777333117
566361893
430610908
364996620
716499409
892546919
930060636
935567894
777333117
777333117
950991581

284910367
88245262
88245262
-1
930586331
-1
70817563
284910367
70817563
284910367
760398427
564595668
637491412
125388511

-1
-1
782010952
812626593
222592997
887609653
939891161
429544340
939891161
848146601
429544340
429544340

-1
-1
125722589
142278182
142278182
125722589
758014081
142278182
142278182
522687396

-1
-1
75942656
-1
705549980
276431084
124440457
39103462
119066216
-1
119066216
594605660
52919721
39103462
594605660
872555163
495885585

550320246
550320246
812768593
613226063
613226063
211328910
812768593
263395293

-1
349737065
349737065
228395952
475829566

780867309
780867309
780867309
780867309
576348656
767332341
576348656
624613484
767332341
624613484
195645274
-1
66324324
753420138
254710375
163952072
624613484
195645274
132153448
646781844
850559307

349423575
348426295

812113499
812113499
812113499
812113499
812113499
372460326
372460326
882662682
-1
-1
975664408
153740693
296417119
520037402
249394843
-1
866417876
469673945

628556174
628556174
883085375
202327718
291121522
628556174
291121522

144340182
144340182

982106905
769655016
179921485
727923000
828986147

-1
888832174
-1
234102339
888832174
429110326
228907007
234102339
521688574
714059237
290953194

960780001
960780001
960780001
595959664
960780001
-1
960780001
656682907
497423139

-1
-1
673280820
936600580
936600580
768563139
-1
260469845
691697825

-1
-1
-1
907837529
183767455
421851554
554684225
183767455
183767455
952378300
929719952
926287405
9039623
44528690
690849691
738501808
996652662
44528690
354309315
597761837
9039623
354309315

914508523
746268451
914508523
537345391
321598737
890508639
839599547
-1
498449552
393900773
192551791

-1
-1
965500424
380611788
380611788
380611788
656710883
980042221
915277400
881274302
568555386
742552933

614435295
182949596
33068569
82760815
33068569
86382192

521664223
488569405
846730758
936628855
799993812
160997364
936628855
160997364

-1
693889229
44668626
983503016

833312050
833312050
833312050
361224790
61706373
847306660
847306660
61706373
834353399
384804969

-1
382844449
471626496
582507063
567965137

-1
859712058
748760056
748760056
562024725
562024725
484025946
484025946
576591627
644879914

175853297
-1
-1
-1
-1
334020012
-1
53725295
53725295
-1
-1
549844356
53725295
156988510
702479891
643252654
156988510
718496989
991255979
810635458
347824051
291727783
928047173
291727783

-1
874774976
272647580
549234222
272647580
574272815
574272815
272647580
185547196
185547196
326623735

146687564

-1
667558664
667558664
667558664
667558664
600038636
267785198
667558664
-1
238249711
363777155
445012783
487287059
363777155
377672400
239861603
667558664
110949822


-1
751852994
836200943
988535337
425753054
91149902
425753054
911150444
911150444
718145090
828463726

179104223
774378113
60750590
475658758
78042893
109852459
109852459
60750590
60750590
109852459
60750590
60750590
60750590
45673225
95463141

57077134
391016838
439785121
439785121
439785121
936140593
255897513
674574192
959357577
645497554
439785121
196937973

309027763
-1
918687072

296048573
475757949
700858612
175597105
60500286
696788161
262521771
280156568

664581494
664581494
804808945
664581494
229462822
229462822
540884510
540884510
239451060
247821692
272456797
763532946
295482046
229462822
763532946

-1
127810897
450097169
127810897
759889806
853005670
368129242
281726210
368129242
368129242
633693361
488918856
759889806
633693361
104242942
450097169
535554394
624143021
840122858
-1
636170518

84552893
392294908
521333849
521333849
392294908
392294908
80536454
521333849
403143008
492653845

701340024
448441536
448441536
448441536
638794036
476024372
655850875
198870312
198870312
565163750
933138068
565163750
655850875
545334523
638794036

987189622
102996457
-1
805596227

254535791
72409773


266913320
266913320
503319777
64437563
807387401
148428701
688410561
688410561
203481727

97421591
826428922
97421591
826428922
100822504
396560332
433041225
859420959
196965889

709643123

917466753
107442566
345335420
-1
917466753
-1
469352674
215278584
560943363
560943363
259101594
215278584
165353592
165353592
517665455
885469984
198109942
885469984
29039325
668433652
554936360
711706140

-1
22595547
-1
-1
653031069
653031069
653031069
654312231
-1
-1
3947516
718509796
349342959
349342959
143382884
718509796
672868711
750362867
446052057
830975912
202372363
446052057
446052057
750362867
579847318
678988075
446052057

-1
-1
-1

670717983
404916905
957798175
666277497
666277497
722667935
159620811
825803294
448361439
448361439
294339715
255313495
522987945
661111471
990819592

818235791
895584881
860012405
562547238
84732643
562547238
84732643
844381463
728116323
695497409
844381463
580068139
943838612
666789286

-1
91647456
91647456
91647456
391485295
91647456
91647456
636660132
571452189

906774400
745748333
906774400
745748333
939987372
776920398
745748333
432576696
886577665
432576696
788184766
745748333
582484878
745748333
661032111
182450863
198725498
921441017
198725498

71506508


