1909 360 10000 362
5810 7091 10000 7097
5407 422 10000 429
5767 3140 10000 3158
6659 3234 10000 3281
4206 1620 10000 1663
7853 9492 10000 9647
7875 432 10000 577
9048 5059 10000 5225
7292 9070 10000 9168
7633 2496 10000 2743
421 4835 10000 4902
7164 4109 10000 4337
5356 2271 10000 2337
5261 577 10000 720
3546 5225 10000 5335
4667 3386 10000 3533
5596 7896 10000 8105
2518 9813 10000 9938
9002 3913 10000 3931
8574 8947 10000 8992
3118 1773 10000 1914
7140 4388 10000 4404
8544 8196 10000 8200
8577 4337 10000 4388
3155 9168 10000 9254
7823 4404 10000 4587
9451 110 10000 360
7031 1389 10000 1446
1841 2337 10000 2496
76 8364 10000 8501
3543 3931 10000 4056
3927 8828 10000 8947
5671 3305 10000 3375
5542 4587 10000 4835
4030 7732 10000 7896
8575 8200 10000 8364
1139 3739 10000 3913
50 7415 10000 7732
934 4056 10000 4109
8801 7178 10000 7415
4499 6207 10000 6905
3096 3375 10000 3386
5252 3281 10000 3305
2247 1446 10000 1620
3347 8501 10000 8600
5791 8600 10000 8828
8033 8992 10000 9070
2297 9254 10000 9492
4312 6176 10000 6207
