8
22 16
8 40
2 39
62 21
18 58
28 49
23 20
23 1
50 3
61 42
21 24
40 39
38 57
7 63
3 29
27 35
43 55
18 14
17 8
59 32
57 60
60 51
5 64
41 62
46 30
28 12
60 28
55 62
19 12
47 11
59 17
35 25
6 34
13 8
52 29
49 27
55 36
4 47
38 28
14 37
19 43
11 2
5 42
18 30
9 52
49 33
15 61
58 29
16 54
58 50
49 25
63 17
14 34
10 18
64 41
7 10
22 38
5 37
50 56
48 54
41 44
4 45
53 26
1 62
37 56
58 9
9 10
33 38
31 34
44 21
14 50
46 63
61 12
30 7
15 51
1 24
33 48
23 55
60 61
37 6
46 8
13 31
48 25
45 22
6 15
5 36
42 6
56 64
64 26
3 53
46 31
2 4
39 32
12 27
45 57
53 56
30 34
13 51
59 40
27 43
20 35
19 42
11 40
47 51
44 26
20 43
19 36
31 15
16 33
36 41
13 11
57 47