00000000111111110000000011111111000000001111111100000000111111110000000011111111000000001111111100000000111111110000000111111111
10000000111111110000000011111111000000001111111100000000111111110000000011111111000000001111111100000000111111110000000011111111
01010101010101010101010101010101010101010101010101010101010101010101010101010101010101010101010101010101010101010101010101010101
00000000101000000000000000000010000000001010000000000000000000000000000000100000000000000000000000000000001000000000000010010000
00000000101110000000000000100000000000001000000000000000000000000000000000001010000000000000000000000000000000100000000000000000
00000000110000000000000010000000000000000000000000000000000000000000000011000100000000000100000000000000000000010000000000000000
00000000101100000000000010100000000000001000010000000000100000000000000000000000000000000000000000000000000000000000000000000000
11111111111111111011111111111111111111111111111111110110111111110111011111111111111100101111111111111110111111111111101011111111
11111110111111111111111111111111111110011111111111111111111111111111111111111111111111001111111111111011111111111111101011111111
11011111111101111111111111111111111111111111111111110111111111111111111111111111111110101111111111111111111111111110101011111111
11111001111111111111101111111111111111111111111111111111111111111111111111111111111110101111111111111111111111111111100011111111
00000000101100000000000000000000000000001000000000000000000000000000000000100010000000000000000000100000100000000000000000000010
00000000100010000000000110000000000000000000000000000000000000000000000010010000000010000000000000000000000100000000000000000000
00000000101000000000000010100000000000001000000000000000000001000000000000000000000000001000000000000000000000000000001000000000
#
00000000100010000000000010000000000000000000000000000000000000000000000000000000000010000000000100000000000000000000000000000000
00000000110000000000000000000000000000000000000000000000000000000000000010000000000000000000001001000000000000000000000000000000
11111111111111111111111111111111111111111111111111111100110111111111111111111111111111101111111111111010111111111110110011111111
11111110101111111111111111111111111111111111111111101111111111111111111111111111111111111111111111111110111111111110001011111111
11111111111111111101111111111111111111111111111111111110111111111110111111111111111111111111111111111111111111111111110011111111
00000000111010100000000011000000000000000000100000000000000010000000000000000000000000000000000000000000100000000000000000000000
00000000101010100000000011100000000000001000000000000000000000000000000000000000000000001110100000000000110000000000000010000000
00000000101010100000000010101010000000000000000000001100000011100000000000001000000000001010110000000000000000000000000000001100
00000000111011000000000011001000000000001110100000000000100000000000000011101101000000001000010000000000100011010000000000000000
00000000111111010000000011000100000000000100000000000000010000000000000011111111000000001100010000000000110001010000000011000100
00000000111110110000000011001010000000001110110000000000111011000000000011111000000000001000100000000000111011010000000000001000
00000000111011110000000011111110000000001111000000000000111000000000000011111110000000001110111000000000110011110000000000000000
00000000111111110000000011101110000000001111111000000000111011100000000011111111000000000110001000000000111101010000000000000010
00000000111111110000000011111111000000001111111100000000111111110000000011101010000000001100111000000000100010100000000011001110
00000000111111110000000011011100000000001111111100000000110111000000000011111111000000001111111100000000111111110000000011011100
00000000111111110000000011111111000000001111111100000000111111110000000011111010000000001111101100000000101111110000000011111111
00000000111111110000000011111111000000001111010100000000111111110000001011101111000000001111111100000000111111110000000011111111
00000000111111110000000011111111000000001111111100000000111111110000010011001101000000001111111100100000111111110000000011111111
00000000111111110000000011011111000100001111111100000000111111110000000011111111000000001111111100000000111111110000000011111111
00000000111111110000000011111111010000001111111100000000111110110000000011111111010000001111111100000000111111110000000011111111
10000000111111110000000011111111000000001111111100000000111111111000000011111111000000001111111100000000111111110000000011111111
00000000111111110100100011111111000000001111111101000000111111110000000011111111000001001111111100000000111111110000000011111111
10001100111111111000000011111111000000001111111100000000111111110000000011111111100010001111111100000000111111110000000011111111
11001100111111110001000011111111100010001111111100000000111111110000000011111111000000001111111110000000111111110000000011111111
11011000111111110000000011111111110010001111111100000000111111111100100011111111100000001111111110001000111111110000000011111111
11011100111111111100110011111111110011001111111100000000111111111010100011111111101000001111111100000000111111110000000011111111
11111111111111111110111011111111000010001111111110000000111111110010100011111111111000001111111100001000111111111000000011111111
11111111111111111110111011111111101010101111111110100000111111111100110011111111110000001111111110001000111111110000000011111111
11101000111111111010100011111111101111001111111111111111111111111110101011101011101010001111111111101000111111111010100011111111
10101111111111111110111011111111101011101111111110101010111111111110111111111111101010101111111110001000111111111010101011111111
11111111111111111011101011111111111111111111111111111111111111111110011011111111011100001111111110100110111111110010100011111111
11111010011111111111111111111111111111111111111111111100111111111111111111111111111110101111111111110100111111111100000011111111
00000000110010000000000011000000000000001000000000000000000100010000000011001100000000001000000000000000000000000000000001010000
00000000111000000000000000000000000000001000000000000000000001000000000010110000000000000000000000000000000000100000000000000000
00000000111010000000000011000100000000001110011000000000100011000000000011100100000000000000000000000000000100000000000000000000
00000000111011100000000011001100000000001110010000000000100001000000000010000000000000001100110000000000000000000000000011000110
00000000111011100000000011101110000000001111110000000000111001000000000011101110000000001000000000000000111011100000000010101110
00000000111110100000000000110010000000000000000000000000000000000000000010111010000000000000000000000000000000001000000000000000
00000000111110110000000011111010000000001111101100000000111111110000000011111011000000001110101000000000101100110000000000000000
00000000111111100000000011101101000000001100111000000000101011010000000011101100000000001110110100000000100000000000000000000000
00000000111111110000000001111111000100101111111100010000111111110000000011111111000000001111111100110010111111110001000011111111
00000000111111110000000010110011000000001111111100000000001100110000000011111101000000001111011100000000111111110000000011111111
00000000111111110000000010111111000000001111111100000000111111110000000011111111000000001111111100010000011111110100000011111111
00000000111111110000000011110111000000001111111100000000111111110000000011111111000000001111111100010000111111110000000011111111
00000000111111110000000011111011000100011111111100000000111111110000000011111111000000001111111100000000011111110000000011111111
00000000111111110000000011111110000000001111111100000000111111110000000011111110000000001110101000000000111100000000000010101000
00000000111111110000000011111111000000001111111101000000111111110000000011111111000000001111111100000000111111110000000011111110
10000000111111110000000011111111000000001111111100000000111111110000000011111111000000001111111100000000111111110000000011111110
10000000111111110000000011111111000000011111111100000000110111110000000011111111000000001111111100000000111111110000000011111111
10000000111111110000000111111111000000001110111100000000111111110000000011111111000000001111111100000000111111110000000111111111
10111111111111111011111111111111111111111111010111111110111111111011111111111111111011111111111110111111111111111011110011111111
10111111111111111111111111011111101110101111111111111110111111111011101011111111111111101111111110111010111111111010100011111111
11001100111111110000000011111111110010001111111100000000111111111111100011111111110110001111111110001000111111110000000011111111
11001110111111111000111011111111111010001111111110000000111111111111100011111111110000001111111110001000111111110000000011111111
11001111111111110000111011111111111111000111111110100000111111111111111111111111111111101111111110001000111111110000000011111111
11011100111111110101010011111111111011001111111110101000111111111111111011111111110110001111111111101010111111110000100011111111
11011110111111111111111111111011110111001111111111111100111111111111110011111111110110001111111111011100111111110111100011111111
11110000111111111010000011111111101110111111111100001000111111111010000011111111100000001111111100000000111111110000000011111111
11111111111111111111111011111111111011011111111111111111111111111111111111111111011110000111111111111000111111110110100011111111
00011100110010110010101101011100010001001111111111111101100001100000000001110000110011000100000001101110010010001000100011011001
00000000001110111010001111111101100010001110010010101101000011110001000001000101011011110001001000010000010101110101010010100011
10000000011011000111101111011010011001000001010001100111000100110111111101000010110100101111001010101010010001111011100111110111
11000110010110011000111101011000001011000101110011011100111010011110010100111010001000001110110011101010001011011011010111111101
11111010010011010111111110110000001100011010010101101101001001010000000101110111010110000110111101010101100101110110001001100010
00000000000100000000000000000000000000000000000000000000000000000000000000000000000000000000000000000000000000000000000010000000
00000000000000000000000000000000000000001000000000000000000000000000000000010001000000000000000000000000000000000000000000000001
00000000100000000000000000000000000000100000000000000000000000000000000000000000000000000000001000000000100000000000000010100000
00000100000000010000000000000000000000000000000000000000000100000001000000100000000000000000000000000000000000000000001001000010
11111111111111111111111111111111111111111111111111110111111111111111111111111111111111111111111111111111111111111111111111011111
11111111111111111111111111111111111111111111111111110111111111111111101111111011111111111111111111111111111111111111011111111111
11111111111111111110111011011111111111111111011111111111111111111110111111111111111111111111111111111111111111111111110111111111
11110111111111111111111111111111011110111111111111111111110111111111111111011111111101111110111110111111111111111111111111111111
11111111111111111111111111111111111111111111111111111111111111111111111111111111111111111111111111111111111111111111111111111111
00000000000000000000000000000000000000000000000000000000000000000000000000000000000000000000000000000000000000000000000000000000
00000000111111110000000011111111000000001111111100000000111111110000000011111111000000001111111100000000111111110000000011111111
00000000100011000000000010111000000000000000000000000000000001000000000010100100000000000000000000000000000000000000000000000000
00000000000000010000000000010111000000000001011100000001011111110000000000010111000000010111111100000001011111110001011111111111
11111111111111101111111111101000111111111110100011111110100000001111111111101000111111101000000011111110100000001110100000000000
00000000010101010000000001010101000000000101010100000000010101010101010111111111010101011111111101010101111111110101010111111111